# 1998
18764
18765
18766
18768
5883
# 2000
16354
16348
5116
4528
5788
# 2001
10327
10333
10334
10336
10337
10339
10341
10352
10353
10354
10355
10357
10361
10362
10363
10364
10365
10366
10367
10368
10370
10371
10372
10373
10376
10378
10379
10380
10382
10383
10384
10385
10386
10387
10389
10390
2313
16686
16687
16688
16689
16690
16691
16692
16693
3738
3739
4962
4963
4964
4965
4520
4522
4970
4971
4972
4973
2703
2704
2705
2706
2707
2708
2709
2710
2711
2712
2713
2714
2715
2716
2717
2718
2719
2720
2721
2722
2723
2724
2725
2726
2727
2728
2729
2730
2731
2732
2733
2734
2735
2736
2737
2738
2739
2740
2741
2742
2743
2744
2745
2746
2747
2748
2749
2750
2751
2752
2753
2754
2755
2756
2757
2758
2759
2760
2761
2762
2763
2764
2765
2766
2767
2768
2769
2770
2771
2772
2773
2774
2775
2776
2777
2778
2779
2780
2781
2782
2783
2784
2785
2786
2787
2788
2789
2790
2791
2792
2793
2794
2795
2796
2797
2798
2799
2800
2801
2802
2803
2804
2805
2806
2807
2808
2809
2810
2811
2812
2813
2814
2815
2816
2817
2818
2819
2820
2821
2822
2823
2824
2825
2826
2827
2828
2829
2830
2831
2832
2833
2834
2835
2836
2837
2838
2839
2840
2841
2842
2843
2844
2845
2846
2847
2848
2849
2850
2851
2852
2853
2854
2855
2856
2857
2858
2859
2860
2861
2862
2863
2864
2865
2866
2867
2868
2869
2870
2871
2872
2873
2874
2875
2876
2877
2878
2879
2880
2881
2882
2883
2884
2885
2886
2887
2888
2889
2890
2891
2892
2893
2894
2895
2896
2897
2898
2899
2900
2901
2902
2903
2904
2905
2906
2907
2908
2909
2910
2911
4960
2913
2912
4961
2916
2914
2915
2917
2920
2918
2919
4968
2921
2922
2923
2924
2925
2926
2927
2928
2929
2930
2931
2932
2933
2934
2935
2936
2937
2938
2939
2940
2941
2942
2943
2944
2945
2946
2947
2948
2949
2950
2951
2952
2953
2954
2955
2956
2957
2958
2959
2960
2961
2962
2963
2964
2965
2966
3583
3584
3585
3586
3587
3588
3589
3590
3591
3592
3593
3594
3595
3596
3597
3598
3599
3600
3601
3602
3603
3604
3605
3606
3607
3608
3609
3610
1563
3612
3613
3614
1567
3616
3617
3618
3619
3620
3621
3622
3623
3624
3625
3626
3627
3628
3629
3630
3631
3632
3633
3634
3635
3636
3637
3638
3639
3640
3641
3642
3643
3644
3645
3646
3647
3648
3649
3650
3651
3652
3653
3654
3655
3656
3657
3658
3659
3660
3661
3662
3663
3664
3665
3666
3667
3668
3669
3670
3671
3672
3673
3674
3675
3676
3677
3678
3679
3680
3681
3682
3683
3684
3685
3686
3687
3688
3689
3690
3691
3692
3693
3694
3695
3696
3697
3698
3699
3700
3701
3702
3703
3704
3705
3706
3707
3708
3709
3710
3711
3712
3713
3714
3715
3716
3717
3718
3719
3720
3721
3722
3723
3724
3725
3726
3727
3728
3729
3730
3731
3732
3733
3734
3735
3736
3737
5786
5787
3740
3741
3742
3743
3744
3745
3746
3747
3748
3749
3750
3751
3752
3753
3754
3755
3756
3757
3758
3759
3760
3761
3762
3763
3764
3765
3766
3767
3768
3769
3770
3771
3772
3773
3774
3775
3776
3777
3778
3779
3780
3781
3782
3783
3784
3785
3786
3787
3788
3789
3790
3791
3792
3793
3794
3795
3796
3797
3798
3799
3800
3801
3802
3803
3804
3805
3806
3807
3808
3809
3810
3811
3812
3813
3814
3816
3817
3818
3819
3820
3821
3822
3611
5881
5882
3615
16349
16350
# 2002
2048
2049
2050
2051
2052
2053
2054
2055
2056
2057
2058
2059
2060
2061
2062
2063
2064
2065
2066
2067
2068
2069
2070
2071
2072
2073
2074
2075
2076
2077
2078
2079
2080
2081
2082
2083
2084
2085
2086
2087
2088
2089
2090
2091
2092
2093
2094
2095
2096
2097
2098
2099
2100
2101
2102
2103
2104
2105
2106
2107
2108
2109
2110
2111
2112
2113
2114
2115
2116
2117
2118
2119
2120
2121
2122
2123
2124
2125
2126
2127
2128
2129
2130
2131
2132
2133
2134
2135
2136
2137
2138
2139
2140
2141
2142
2143
2144
2145
2146
2147
2148
2149
2150
2151
2152
2153
2154
2155
2156
2157
2158
2159
2160
2161
14450
14451
14452
14453
14454
14455
14456
14457
14458
14459
14460
14461
14462
14463
14464
14465
2169
2170
2171
2172
2173
14471
14472
14473
2177
14475
2179
2180
2181
14479
2183
2184
2185
2186
2187
2188
2189
2190
2191
2192
2193
14491
14492
14493
14494
14495
2199
2200
2201
2202
2203
2204
2205
2206
2207
2208
2209
2210
2211
2212
2213
2214
2215
2216
2217
2218
2219
2220
2221
2222
2223
2224
2225
2226
2227
2228
14517
14518
2240
2241
14521
14522
14523
14524
14525
14526
14527
14528
14529
14530
14531
14532
14533
14534
14535
14536
14537
14538
14539
14540
14541
14542
14543
14544
14545
14546
14547
14548
14558
14551
14555
14552
14553
14554
14556
14557
14559
14560
14561
14562
14563
14564
14565
14566
14297
16694
16695
10552
18752
10561
10563
14328
14329
14330
14331
4523
14332
14333
14334
14335
14336
14337
14338
14339
14340
14341
14342
14343
21670
14344
14345
21673
14346
14347
14348
14349
14350
14351
10766
10767
10768
14352
14353
14354
14355
14356
10792
10793
10794
10795
10796
10797
10798
10799
10800
14358
10802
10803
10804
10805
10806
14359
10807
14360
14361
14362
14363
14364
14365
14366
14367
14368
14369
14370
14371
14372
14373
2162
14374
2163
14375
2164
14376
2165
14377
2166
14378
2167
14379
2168
14380
14381
14382
14383
14384
14385
2174
14386
2175
14387
2176
14388
14389
2178
14390
14391
14392
14393
14357
2182
14394
14395
14396
14397
14398
14399
14400
14401
14402
14403
14404
14405
19229
2194
14406
2195
14407
2196
14408
2197
14409
2198
14410
14411
14412
14413
14414
14415
14416
14417
14418
14419
14420
14421
14422
14423
14424
14425
14426
14427
14428
14429
14430
14431
14432
14433
14434
14435
76726
14436
14437
14438
14439
14440
14441
14442
14443
14444
14445
14446
14447
14448
14449
2238
2239
10391
10392
10393
10394
14466
10396
14467
10397
14468
10398
14469
10399
14470
14291
10400
10401
14474
14476
14477
21639
21641
21642
14478
21643
14480
14481
14482
21664
21665
21666
21667
14483
21668
21669
21671
21672
14484
21674
21675
21676
21677
21678
14485
21679
21680
21681
21683
21684
21685
21686
21687
21688
14486
14487
21682
14488
14489
14490
21706
21707
21708
21709
21714
21715
21717
21718
21719
21720
21723
21726
21733
14496
21734
14497
14498
14499
14500
14501
14502
14503
14504
14505
14506
14507
14508
14509
14510
14511
14512
14513
14514
14515
14516
14519
14520
3475
3476
3478
3479
3480
14549
14550
1549
1554
1555
1561
1568
5782
5783
5784
5785
5887
1995
1997
1966
1967
1968
1969
1970
1971
1972
1973
1974
1975
1976
1977
1978
1979
1980
1981
1982
1983
1984
1985
1986
1987
1988
1989
1990
1991
1992
1993
1994
18379
1996
18381
1998
1999
2000
2001
2002
2003
2004
2005
2006
2007
2008
2009
2010
2011
2012
2013
2014
2015
2016
2017
2018
2019
2020
2021
2022
2023
2024
2025
2026
2027
2028
2029
2030
2031
2032
2033
2034
2035
2036
2037
2038
2039
2040
2041
2042
2043
2044
2045
2046
2047
# 2003
16405
2478
2242
2259
21622
2312
10547
10548
18753
18755
18756
18757
18758
10565
10646
4521
4524
4526
2479
2480
2481
2482
2483
2484
2485
2486
2487
2488
2489
2490
2491
2492
2493
2494
2495
2496
2497
2498
2499
2500
2501
2502
2503
2504
2505
2506
2507
2508
2509
2510
2511
2512
2513
2514
2515
2516
2517
2518
2519
2520
2521
2522
2523
2524
2525
2526
2527
2528
2529
2530
2531
2532
2533
2534
2535
2536
2537
2538
2539
2540
2541
2542
2543
2544
2545
2546
2547
2548
2549
2550
2551
2552
2553
2554
2555
2556
2557
2558
2559
2560
2561
2562
2563
2564
10757
10758
10759
10760
2569
2570
2571
2572
2573
2574
2575
2576
2577
2578
2579
2580
2581
10774
2583
10776
10777
2586
2587
2588
2589
10782
2591
2592
2593
2590
2595
2596
2597
2598
2599
2600
2601
2602
2603
2604
2605
2606
2607
2608
2609
2610
2611
2612
2613
2614
2615
2616
2617
2618
2619
2620
2621
2622
2623
10816
2625
2626
2627
2628
2629
2630
2631
2632
2633
2634
2635
2636
2637
2638
2639
2640
2641
2642
2643
2644
2645
2646
2647
2648
2649
2650
2651
2652
2653
2654
2655
2656
2657
2658
2659
2660
2661
2662
2663
2664
2665
2666
2667
2668
2669
2670
2671
2672
2673
2674
2675
2676
2677
2678
2679
2680
2681
2682
2683
2684
2685
2686
2687
2688
2689
2690
2691
2692
2693
2694
2695
2696
2697
2698
2699
2700
2701
2702
2582
2584
2585
2594
15111
829
830
831
832
855
857
881
2624
10769
10770
10771
10772
10773
10778
10779
10780
10781
2565
2566
2567
2568
10808
21612
21613
21614
10809
21615
21616
21618
21619
21620
21621
21617
21623
21624
21625
21626
21627
21628
21629
21630
21631
21632
21633
21635
21637
21638
21644
21645
21646
21647
21648
21649
21650
21651
21652
21653
21654
21655
21656
21657
21658
21659
21660
21661
21662
3231
3232
3233
3234
3235
3236
3237
3238
17575
3240
3241
3242
3243
3244
3245
3246
3247
3248
3249
3250
3251
3252
3253
3254
3255
3256
3257
3258
3259
3260
3261
3262
3263
3264
3265
3266
3267
3268
3269
3270
3271
3272
3273
3274
3275
3276
3277
3278
3279
3280
3281
3282
3283
3284
3285
3286
3287
3288
3289
3290
3291
3292
3293
3294
3295
3296
3297
3298
3299
3300
3301
3302
3303
3304
3305
3306
3307
3308
3309
3310
3311
3312
3313
3314
3315
3316
3317
3318
3319
3320
3321
3322
3323
3324
3325
3326
3327
3328
3329
3330
3331
3332
3333
3334
3335
3336
3337
3338
3339
3340
3341
3342
3343
3344
3345
3346
3347
3348
3349
3350
3351
3352
3353
3354
3355
3356
3357
3358
3359
3360
3361
3362
3363
3364
3365
3366
3367
3368
3369
3370
3371
3372
3373
3374
3375
3376
3377
3378
3379
3380
3381
3382
3383
3384
3385
3386
3387
3388
3389
3390
3391
3392
3393
3394
3395
3396
3397
3398
3399
3400
3401
3402
3403
3404
3405
3406
3407
3408
3409
3410
3411
3412
3413
3414
3415
3416
3417
3418
3419
3420
3421
3422
3423
3424
3425
3426
3427
3428
3429
3430
3431
3432
3433
3434
3435
3436
3437
3438
3439
3440
3441
3442
3443
3444
3445
3446
3447
3448
3449
3450
3451
3452
3453
3454
3455
3456
3457
3458
3459
3460
3461
3462
3463
3464
3465
3466
3467
3468
3469
3470
3471
3472
3473
1551
1553
12933
5886
5888
5896
3224
3225
3226
3227
3228
3229
3230
3239
# 2004
21575
21576
12303
21577
21578
12313
21579
12319
21580
12321
21581
21582
21583
12334
21584
21585
21586
12352
12353
12354
12355
12356
21587
21588
21589
21590
21591
21592
21593
21594
21595
21596
21597
21599
21600
21601
21602
21603
21604
21605
21606
21607
2243
2245
2246
2306
2307
2308
2310
2311
131361
316
10557
10559
10560
325
18759
18762
18763
21640
18773
18774
18775
18777
18778
18779
18780
18781
395
398
400
10648
10649
4525
10761
10762
10763
10764
10765
10783
10784
10785
10786
10787
10788
10789
10790
10791
10810
10812
10813
166462
10815
10814
4701
4702
4703
4705
4706
6776
12928
12929
12930
12931
12932
2991
812
813
814
815
816
817
818
819
820
821
822
823
824
825
826
827
828
852
853
854
856
25476
2967
2968
2969
2970
2971
2972
2973
2974
2975
2976
2977
2978
2979
2980
2981
2982
2983
2984
2985
2986
2987
2988
2989
2990
5039
2992
2993
2994
2995
2996
2997
2998
2999
3000
3001
3002
3003
3004
3005
3006
3007
3008
3009
3010
3011
3012
3013
3014
3015
3016
3017
3018
3019
3020
3021
3022
3023
3024
3025
3026
3027
3028
3029
3030
3031
3032
3033
3034
3035
3036
3037
3038
3039
3040
3041
3042
3043
3044
3045
3046
3047
3048
3049
3050
3051
3052
3053
3054
3055
3056
3057
3058
3059
3060
3061
3062
3063
3064
3065
3066
3067
3068
3069
5118
3071
3072
3073
3074
3075
1028
1029
3078
3079
3080
3081
3082
3083
3084
3085
3086
3087
3088
3089
3090
3091
3092
3093
3094
3095
3096
3097
3098
3099
3100
3101
3102
3103
3104
3105
3106
3107
3108
3109
3110
3111
3112
3113
3114
3115
3116
3117
3118
3119
3120
3121
3122
3123
3124
3125
3126
3127
3128
3129
3130
3131
3132
3133
3134
3135
3136
3137
3138
3139
3140
3141
3142
3143
3144
3145
3146
3147
3148
3149
3150
3151
3152
3153
3154
3155
3156
3157
3158
3159
3160
3161
3162
3163
3164
3165
21598
3166
3167
3168
3169
3170
3171
3172
3173
3174
3176
3177
3178
3179
3175
21608
21609
21610
21611
3180
3181
3182
3183
3184
3185
3186
3187
3188
3189
3190
3191
3193
3194
3195
3197
3198
3200
3201
3203
3202
3204
3206
3207
3208
3209
3210
3211
3212
3213
3214
3215
3216
3217
3218
3219
3220
3221
3222
3223
5117
21727
21728
21729
21730
21731
21732
1254
1255
1256
1257
1258
1259
1260
1261
1262
1263
1264
1265
1266
1267
1268
1269
1270
1271
1272
1273
1274
1275
1276
1277
1278
1279
1280
1281
1282
1283
1284
1285
1286
1287
1288
1289
1290
1291
1292
1293
1294
1295
1296
1297
1298
1299
1300
1301
1302
1303
1304
1305
1306
1307
1308
1309
1310
1311
1312
1313
1314
1315
1316
1317
1318
1319
1320
1321
1322
1323
1324
1325
1326
1327
1328
1329
1330
1331
1332
1333
1334
1335
1336
1337
1338
1339
1340
1341
1342
1343
1344
1345
1346
1347
1348
1349
1350
1351
1352
1353
1354
1355
1356
1357
1358
1359
1360
1361
1362
1363
1364
1365
1366
1367
1368
1369
1370
1371
1372
1373
1374
1375
1376
1377
1378
1379
1380
1381
1382
1383
1384
1385
1386
1387
1388
1389
1390
1391
1392
1393
1394
1395
1396
1397
1398
1399
1400
1401
1402
1403
1404
1405
1406
1407
1408
1409
1410
1411
1412
1413
1414
1415
1416
1417
1418
1419
1420
1421
1422
1423
1424
1425
1426
1427
1428
1429
1430
1431
1432
1433
1434
1435
1436
1437
1438
1439
1440
1441
1442
1443
1444
1445
1446
1447
1448
1449
1450
1451
1452
1453
1454
1455
1456
1457
1458
1459
1460
1461
1462
1463
1464
1465
1466
1467
1468
1469
1470
1471
1472
1473
1474
1475
1476
1477
1478
1479
1480
1481
1482
1483
1484
1485
1486
1487
1488
1489
1490
1491
1492
1493
1494
1495
1496
1497
1498
1499
5185
11766
11767
11768
1546
1547
1558
3076
3070
3077
11900
11901
5761
5765
5766
5768
5769
5770
5771
5778
5780
5781
3192
3196
3199
5876
5878
5879
5880
3205
5995
1964
1965
10210
21572
# 2005
8192
8193
8194
8195
8197
8198
8199
8200
73737
8202
8201
8205
16398
8207
8206
8208
326
8211
16404
8213
1632
8216
1633
8219
8220
8222
8223
8226
8227
8228
1635
8230
8232
1636
8234
8237
8238
8239
1638
8244
8245
8247
8248
8249
8250
1639
8252
8255
328
8259
8261
8262
1642
8267
8269
8271
1644
1645
8281
8282
1646
329
8285
8286
8290
98
1648
8293
8294
8295
104
8297
8298
8299
8300
1649
101
8306
330
8309
8312
8314
1653
8318
125
8320
8321
8322
1654
128
133
8326
8327
127
8329
8330
331
8332
141
8334
8335
8336
144
8338
8339
8340
142
1658
146
145
154
155
156
157
8350
8357
166
167
168
8361
169
8363
171
173
8366
8367
174
8369
8370
8371
180
1664
8374
8375
181
8377
179
8379
189
190
8383
8384
191
194
192
8388
8389
8390
8391
8392
8393
201
200
199
205
8399
208
209
207
8403
1670
212
8406
214
8408
8409
8410
8411
8412
8413
8414
8415
8417
8418
8419
8420
8421
8422
233
8426
234
8428
237
8430
238
8432
1676
242
8435
243
241
1677
247
8440
246
8443
8444
8445
8446
8447
8448
256
8450
258
257
254
265
266
267
284
285
286
16668
8480
288
289
290
8484
291
8486
8487
292
8490
8495
8496
8497
8498
307
308
306
310
8503
8504
8505
8506
8507
8508
8509
1691
317
314
8513
8514
8515
8516
8517
8518
8519
8520
8521
8522
8523
8524
8525
8526
8527
8528
8529
8530
8531
8532
8533
8534
8535
8536
8537
8538
8539
8540
8542
8543
8544
8545
8546
8547
8548
357
358
8550
360
8553
361
8555
8556
8557
8558
8559
365
363
8562
8563
8564
8565
8566
375
8568
8569
8570
377
8572
8573
382
8575
384
385
383
1705
8580
387
8582
8583
8584
8585
8586
8587
8588
8589
8590
1707
399
8593
8594
1708
8596
8597
8598
8599
8600
8601
8602
8603
8604
8605
8606
1710
415
414
413
8611
412
8613
8614
8615
1712
8617
8618
1713
426
427
425
431
8624
8625
8626
8627
8628
436
8630
8631
439
441
8634
442
8636
445
444
8639
8640
8641
8642
449
452
446
454
8647
448
457
455
8651
460
461
459
8655
8656
8657
466
467
463
8661
8663
8664
8671
8673
8677
8679
8680
489
488
8684
8685
8686
495
496
497
492
498
494
499
500
503
504
505
506
8699
8700
8701
8702
8703
8704
8705
8706
8707
8708
8709
8710
1731
8712
8713
8714
8715
8716
8717
8718
520
1733
521
523
530
8724
8725
8726
1734
8728
536
8730
8731
8732
8733
8734
1735
8736
8737
8738
8739
8740
549
8742
8743
8744
8745
8746
8747
8748
8749
555
557
8752
8753
562
561
8756
8757
8758
8759
8760
8761
570
8763
8764
8765
8766
8767
572
8769
8770
578
8772
8773
8774
582
8776
8777
8778
8779
8780
586
585
583
8784
593
594
595
596
597
598
599
592
8793
8794
8795
603
8797
8798
8799
8801
8802
8803
8804
610
614
8807
616
8809
8810
8811
8812
8813
621
8815
8816
619
622
623
8820
628
626
625
632
633
634
8827
8828
8829
637
8831
8832
8833
8834
642
638
641
8838
8839
639
8841
644
8843
8844
1758
651
655
652
657
658
8851
8852
8853
8854
8855
8856
8857
8858
659
8860
8861
8862
8863
8864
668
669
8867
8868
8869
8871
8874
8875
685
686
688
689
690
691
8884
8885
694
8887
693
692
8890
695
696
697
8894
8895
8896
698
8898
700
699
8901
709
8903
8904
8905
710
8907
711
8909
8910
713
712
714
718
8915
8916
8917
8918
719
720
8921
8922
731
8924
8925
732
8927
729
736
734
733
737
738
739
8935
8936
743
8938
8939
8940
8941
8942
8943
8944
753
754
8947
755
8949
8950
759
756
761
762
8957
766
767
8964
8965
8966
772
8968
777
776
779
780
781
8974
783
778
8977
8978
787
8980
8981
786
791
792
8985
8986
8987
8988
8989
8990
1787
1786
800
804
805
8999
808
1789
809
810
811
807
9006
9007
9008
9012
9013
9014
9015
9017
1792
9019
9020
9021
165
834
1794
836
837
838
9031
9032
9033
1795
839
835
845
9038
9039
9040
9041
9042
9043
851
9045
9046
9047
850
848
860
9053
9054
863
9056
9057
865
864
866
9061
9062
870
9064
873
869
9067
9068
9069
872
875
9072
874
878
9075
876
9077
9078
9079
9080
9081
9082
9083
9084
1805
9086
1806
891
897
890
899
900
901
9094
903
9096
905
9098
9099
908
907
906
904
912
9105
9106
915
9108
914
916
9111
9112
921
922
923
924
925
929
930
931
933
9128
9129
9130
9131
9132
9133
942
943
9136
9137
9138
945
9140
9141
944
9143
9144
9145
952
955
951
9149
9150
9151
9152
9153
9154
9157
9158
9162
9163
971
9165
972
973
9168
974
9170
977
9172
978
9174
9175
979
980
9178
9179
9180
9181
9182
9183
9184
9185
9186
9187
990
988
9190
1000
9194
9195
1002
9197
9198
1007
1008
1009
9202
9203
1010
1012
1011
9207
1016
1017
9210
9211
9212
1019
9214
9215
9216
1024
1022
9219
9220
1026
1025
1023
1032
1033
9226
9227
9228
9229
9230
9231
9232
1041
1042
1043
1044
1045
1046
1047
9240
9241
9242
9243
9244
1053
1054
1055
9248
210
1058
9251
1060
1839
211
9255
9256
9257
1066
1067
1068
1069
1070
1071
213
9265
9266
1075
9268
9269
1842
9271
9272
1843
9274
1083
1084
9277
9278
9279
9280
9281
9282
1091
9284
9285
9286
9287
9288
1097
9290
9291
1100
9293
9294
9295
9296
9297
1106
1107
1108
9301
9302
9303
9304
1113
1105
9308
9309
9310
9311
9312
9316
9318
9319
9320
9323
9324
9326
9327
9329
9330
9333
9334
9337
9341
9342
9350
9353
9354
9355
9363
9365
9367
1862
1178
9371
9372
9373
1180
1179
1185
1186
1187
9380
1190
9383
9384
9385
9388
9390
17584
1201
1202
1203
1204
1205
1206
1868
1208
1209
1210
1211
1869
1213
9406
9407
9408
9409
1218
9411
9412
1221
9414
9415
9416
9417
9418
1227
9420
1229
1230
9423
9424
1233
9426
1235
1236
1237
9430
1239
1240
1241
1242
1243
9436
1245
9438
1247
9440
1249
9442
9443
9444
9445
9446
1251
1250
9449
9451
9452
9453
9454
9455
9456
9457
9458
9459
251
9464
9465
9466
9467
9470
9474
9477
9479
9480
9482
9483
9490
9493
9494
9497
9498
9499
9501
9503
9506
9508
9511
9512
9514
9515
9516
9517
9519
9520
9524
9526
9527
9529
25914
9531
9532
1894
379
9546
9547
9549
1898
9552
9553
9556
9560
9561
9562
9564
9577
9578
9579
9580
9582
6789
9584
9585
9586
9587
9588
9590
9591
6791
9593
9602
9603
9605
9607
9608
9609
9610
9611
9612
9616
9618
9619
9621
9623
9624
9625
9626
9628
9629
9630
9634
9635
9636
9637
9641
1917
9647
9648
9649
9651
9652
9653
9654
9655
9657
9658
9659
9661
1921
9669
9670
1922
9672
9673
9679
9680
9681
9682
9683
9689
9691
9692
9693
1502
1501
1504
1505
1506
1507
1500
1509
1510
1511
1512
1513
1514
9708
9709
9710
9711
1517
1521
1522
9715
1519
9717
9718
1526
1520
1932
1530
9723
9724
1531
1534
1532
1533
1528
1529
1539
9733
9734
1542
1544
9737
9738
1545
9740
1541
9742
9743
1550
9745
9746
9747
9748
9749
9750
9751
9752
1559
9754
9755
9756
1556
1557
9760
9761
9762
9763
9764
9765
9766
1575
1576
1577
1574
9771
9772
1581
9774
9775
9776
9777
9778
9779
1588
1944
1589
1586
1585
9785
9786
1945
9788
1597
9790
1596
1593
9793
1595
1604
1605
9799
9800
9801
9802
9803
1948
9805
9806
9807
9808
9809
1617
9811
9812
9813
1618
9815
9816
1624
1621
1627
9820
9821
1629
9824
9825
9826
1953
9828
9829
9830
9831
9832
9833
9834
1634
9836
1955
9838
9839
9840
1647
9842
1650
9844
9845
9846
9847
9848
1656
1651
1659
9852
9853
9854
9855
9856
1665
1666
1667
9860
9861
9862
9863
1669
9865
9866
9867
1668
9869
9870
9871
9872
9873
9874
1683
1682
1685
1678
1688
1689
1690
9883
9884
1693
9886
9887
9888
1697
1698
1696
1700
1695
1694
9897
9898
1706
9900
1709
9902
9903
9904
9905
1714
9907
1716
1715
9910
9911
1720
9913
9914
1719
9917
9918
1726
9921
9922
9923
9924
9925
9926
1730
1729
9929
1738
9931
1740
1741
1742
9935
1739
9937
9938
1747
1746
9941
1745
1744
9944
9948
9949
9950
9951
9952
1759
9954
1762
9956
1760
1766
1767
9960
1768
1761
9968
1782
1783
1785
9978
9979
9980
1788
9982
9983
9984
9985
9986
9987
1793
1797
1798
1799
1800
1796
9994
9995
9996
9997
9998
9999
1808
1807
10002
10003
1810
1813
10006
1811
1816
10009
10010
1819
1820
10013
10014
1818
10016
10017
362
10020
10021
10023
10024
1832
1831
1835
10028
10029
10030
10031
1840
10033
1838
1837
10036
1845
10038
10039
10040
1846
10042
1850
10044
1844
10046
1855
1856
1851
1859
1860
10053
10054
1863
10056
1865
10058
10059
10060
1864
10062
10063
10064
10065
1874
10067
1871
10069
1870
1879
1876
1881
10074
1883
1884
10077
1886
10079
10080
1885
10083
10084
10085
1892
1895
1896
10089
10090
10091
1900
1901
10094
1902
10096
10097
1905
1907
1899
1909
10102
1911
1910
10105
10106
10107
10108
10109
1918
10111
10112
10113
10114
1923
10116
1925
10118
1926
1928
10121
1924
1931
10124
10125
10126
1935
1936
10129
10130
10131
10132
1940
1942
1941
10136
10137
10138
10139
10140
1946
10142
10143
10144
1952
1954
10147
1951
10149
10150
1959
1957
10153
1962
10155
10156
10157
10158
390
10160
391
10164
10165
392
10168
10169
10170
10171
393
10175
394
10181
10183
10184
396
10188
10189
397
10192
10193
10194
10196
10199
10202
10203
10204
10206
10207
10208
401
10211
10220
403
10222
10223
10224
10225
404
405
10232
10234
406
10238
10240
10241
10242
407
10245
8549
10247
10248
408
10250
10253
10254
10259
10260
10261
411
10263
10264
10265
10266
10269
10270
10271
10272
10277
10278
10281
10282
10284
10285
10286
10287
416
10290
10291
10292
10293
10294
10295
10296
10297
10298
10299
10300
10301
10302
10303
10304
419
420
10307
10308
10310
421
10312
10316
10317
10318
10319
10320
423
424
10328
10331
10343
10344
10345
10346
10347
10349
10351
10356
10360
433
10374
10375
10377
10381
10388
10402
10403
10404
10405
10406
10407
10408
10409
10410
10411
10412
10413
10419
10420
10421
10422
2231
10424
10425
10426
10427
10428
10429
10430
2232
10432
10433
2237
2234
2244
10437
2247
2248
2249
2250
447
2252
2253
10446
2255
2254
2258
10451
2260
2262
10455
10456
2264
10458
10459
10460
10461
2269
2271
2272
10465
2273
2275
10468
2277
2278
2276
10472
10473
10474
10475
2282
2285
2286
10479
10484
2294
2295
10488
2296
10490
10491
10492
10493
10494
10495
2303
10497
2302
2301
2299
2309
10502
417
10504
10505
2316
10510
10512
10513
10514
2323
10516
10517
2324
2327
2326
10521
2329
10523
2332
2331
2333
10527
10528
10529
418
10531
2340
2341
10534
2343
2344
2345
2346
2342
2339
10543
10544
2354
2356
2360
2361
10554
10555
10556
2362
2365
2364
2369
10562
2370
2371
2373
2374
2375
10568
10569
2376
2379
2380
2381
2382
2383
10576
2385
2386
10579
2384
10582
10584
10585
10586
10587
10589
10590
10591
10592
2399
2400
10595
10597
10598
10605
10608
10618
10619
10620
10621
2431
2432
2434
2436
10631
2440
2441
10635
10636
10637
2446
2444
2448
2450
2451
2452
10645
2453
2455
2457
2458
2461
2463
2465
2466
2467
2470
2471
2472
2474
2476
10669
2477
10671
10672
10673
10674
10675
10678
10704
10706
10708
10712
10713
501
10715
10716
100
502
10720
10728
10730
10731
10732
10734
10735
10738
10739
10740
10743
508
509
10755
10756
510
511
512
513
10775
514
515
516
517
10801
10811
10817
10818
10819
10821
525
10839
526
10841
10844
527
10847
10848
10849
528
529
10855
10856
10857
10859
531
532
533
10882
10886
10891
10892
10894
10895
537
10897
10899
10900
538
10903
10904
10906
10907
10909
10910
540
541
10915
10916
10919
10920
10921
542
543
544
10932
10933
10934
545
10938
10939
546
10943
10944
547
10948
10949
548
10951
10954
10957
10960
10961
10962
10963
550
10965
551
10967
10970
552
10972
10975
553
10977
10979
554
10984
10989
10990
10991
10992
556
10996
10997
10999
11000
11001
11002
11005
11011
11013
11014
11017
11019
11022
11023
11024
11026
11029
11033
11034
11035
11036
11037
11038
11039
566
565
11044
567
11047
11048
11049
568
11052
11053
11054
11055
11056
569
11059
11063
11065
11066
11067
571
11069
11070
11073
11074
11075
11076
11078
11081
11087
11088
11089
11090
11091
11095
11097
11101
11104
11106
11109
11110
11111
11112
11115
581
11119
11120
11121
11123
11124
11127
11128
11129
11130
11133
11134
11136
11137
11138
11139
11144
11146
11147
11148
11149
443
11151
11156
589
11162
11164
11166
591
11171
11172
11173
11174
11175
11177
11178
11179
11182
11183
11184
11186
11187
11191
11192
11196
11199
11200
11201
11203
11204
11208
11209
11211
11212
11213
11215
2229
11219
2230
11224
11225
11226
11229
11230
11231
11232
27616
11235
11237
11241
11242
11244
11246
11247
11249
11250
11251
11252
11253
11254
11255
11259
11260
11261
11262
11266
11267
11269
11271
11272
11273
11274
11275
11276
11278
11279
11280
11282
11292
11294
11295
11296
11297
617
618
11304
11307
11308
11309
11311
620
11313
11314
11316
11319
11324
11326
11327
11328
11329
11331
11333
11335
11340
11342
11345
11348
11350
11353
11354
11356
11357
629
11359
11360
11361
35936
630
126
631
11378
11379
11380
11381
11382
11383
11384
11385
2263
11389
11390
11392
11393
11394
11395
11396
11397
636
11401
11403
11404
2267
11408
11409
11410
11412
640
11417
11418
11420
11422
11427
11428
11430
11431
11435
645
11439
11441
2274
11443
646
11445
11444
647
11449
11450
648
11455
11457
11458
649
11461
11462
11463
650
11465
11466
11467
11475
11476
11477
11478
653
11480
456
11483
11490
11491
11492
11493
11495
11496
11497
11498
11499
11500
11501
11502
11503
11504
11507
11509
11510
11511
11512
11513
660
11516
11517
11518
661
11520
11523
662
11527
11528
663
11530
11532
664
11538
11539
11540
11541
665
11543
11544
11545
11547
11550
11551
11552
11553
11555
11559
11566
11567
11568
11569
2300
11574
11578
11579
11580
11581
11584
11590
11598
11599
11605
11611
11612
11614
11620
11627
11629
11648
11649
11651
11654
11670
3481
3482
3483
11676
11677
3484
3489
3490
3491
2322
3493
3494
3495
3497
3498
3499
3500
3501
3502
3505
2325
3508
3509
3510
3512
3514
3515
3518
3520
3522
3524
3525
140
701
3528
3529
3530
3531
3532
702
3535
3537
3538
3539
3540
3541
703
3543
704
705
3549
3550
3551
3552
3553
706
3556
3558
3559
3560
3561
707
3563
708
3565
3566
3569
3570
3571
3572
3578
3579
3580
715
143
716
717
730
11875
11876
11909
11910
11911
740
741
742
744
745
752
3815
3823
3824
3825
3826
3828
3830
3831
3832
3834
3835
3839
3845
3846
3847
3850
3851
3864
3865
3866
3867
3868
3869
3871
3873
3877
3882
3883
3884
3885
3889
3896
3898
3899
3900
3901
3904
3907
3908
3915
3916
3918
3920
3921
3922
3923
3924
3925
3926
3927
3928
3933
3938
3941
3942
3947
3948
3950
3972
4035
4037
4038
4039
4040
4041
4042
4046
4047
4048
4050
4054
4055
4056
4058
4060
4061
4062
4064
4065
4066
4067
4070
4082
4083
4084
4085
4091
4092
4093
4094
4095
4097
4099
4102
4103
4105
4107
4109
4110
4111
4116
4117
4118
4119
4120
4121
12314
4123
4124
4125
4122
4130
4131
4134
4135
4137
4139
4141
4142
4143
4145
4148
4150
4151
4153
4154
4155
4160
4162
4165
4170
4171
4173
4174
4176
4177
4179
4180
4184
4185
4186
4187
4188
4189
4190
4192
4193
4194
4195
4196
4199
4200
4201
4202
4204
4206
4207
4208
4209
4210
4211
4214
4216
4217
4219
4220
4221
4222
4223
4225
4226
4227
4228
840
4231
4232
12425
12426
12427
12428
12429
12430
4237
4240
4235
4241
4238
4239
4236
4246
4247
4248
4244
4243
844
4253
4254
4256
4258
4261
847
4263
4264
4266
4275
4277
4283
4284
4286
4287
4288
4290
4291
4292
4293
4294
4297
4298
4299
4305
4306
4307
4308
4309
4310
4311
4312
4313
4314
4315
4316
4317
4318
4322
4323
4325
4328
4329
4330
4331
4332
4333
4334
4335
4336
4337
4338
4339
4340
4341
4342
4343
4344
4345
4346
4347
4348
4349
4350
4351
4352
4353
4354
4355
4356
4360
867
4366
4367
4368
868
4370
4377
4381
4386
4387
4391
4393
4399
4402
4403
4404
4405
4408
4410
4411
4412
4413
4414
4419
4422
879
4424
4425
4426
4427
4428
4429
880
4432
4434
4436
4438
4439
882
4442
883
4444
4445
884
4452
4453
4454
4456
4461
4462
4463
4464
887
4467
4468
888
889
4477
4481
4483
4484
4486
4488
4489
4490
4491
892
893
894
4507
4508
4511
4516
4517
4518
4519
4529
4530
4531
4532
4533
4534
4535
4538
4539
4540
4541
902
4551
4556
4557
4558
4564
4565
4566
4567
4568
4571
4573
4574
4575
4578
4579
4580
4581
4582
4583
4584
4585
910
911
4588
4590
4592
4593
4600
4601
4602
4604
4607
4608
4611
4612
4613
4615
4619
4620
4621
4622
4623
4627
4628
4632
4633
4634
4635
4636
4638
4640
4642
4644
4646
4647
4648
4649
4650
4651
4652
4653
4654
4655
4656
4657
4658
4659
4662
4663
4664
4666
4667
4669
4673
4676
4677
4678
4679
4680
4684
4685
4686
4688
4689
4690
4691
4692
4693
4694
4695
4696
4697
4698
4699
4700
4704
4707
4708
4709
4710
4711
4714
4715
4724
4727
4728
4729
941
4736
4740
4741
4742
4744
4746
4747
4748
4749
4750
4751
4752
4758
4759
4760
946
4762
4763
4765
4766
4767
947
4769
948
4775
4776
4777
4778
4779
4780
841
950
4783
949
4794
4795
4796
4797
4798
4799
4800
4801
842
4803
4802
4804
4810
4811
4812
4813
4814
4815
4816
4818
4819
4823
4824
4825
4826
4827
4828
843
4830
4831
4836
4838
4839
4840
4841
4844
4845
4846
4847
4848
4849
4850
4851
4853
4854
4855
4856
4857
4858
4874
4876
4880
4881
4882
4884
4886
4888
4889
4890
4891
4892
4893
4903
4904
4905
4908
4233
4917
4918
4234
4932
4934
4936
981
4938
5866
4941
4942
4943
4944
4945
982
983
4949
4951
984
4953
4954
985
4957
987
4967
4974
4975
989
4978
4979
4980
4981
4983
4984
4985
4986
4987
4989
4990
4991
4994
4995
4996
4997
4999
5000
5005
5006
5007
5011
5019
5028
5029
5030
5035
5037
5040
5041
5042
5043
5044
5045
5046
5047
5048
5049
1003
1004
1006
5085
5086
5091
366
1013
1014
5104
1015
5108
5119
5122
1018
5125
5128
5133
5135
5136
1021
5138
5143
5146
5147
5148
5149
5150
5156
5159
5160
5162
5164
5168
5176
5177
5178
5179
5180
5182
5183
5184
1030
5187
5188
1031
1034
1035
1036
1037
1038
1039
5233
1040
5235
5237
5242
5247
5249
5250
5251
5254
5256
5264
5265
5268
172
1048
1049
5280
1050
5285
5286
5288
1051
5291
1052
5297
5299
5300
5301
5304
5305
5308
5309
5310
5313
1056
5316
1057
1059
1061
5340
1062
1063
5354
5355
1064
5357
5358
5359
1065
5363
5364
5365
5366
5367
5368
5369
5370
5372
5373
5374
5375
5377
5378
5379
5380
5381
1072
5399
5400
1073
1074
5406
5412
1076
5417
5419
1077
5421
5422
5423
5424
1078
5426
1079
1080
1081
1082
1085
1086
1087
1088
5476
5477
5478
5479
1089
5480
5482
5484
1090
5487
5488
5489
5494
5495
5496
5497
1092
1093
5502
5503
1094
5507
5508
5509
5510
5511
5512
5513
1095
1096
5519
5520
5523
1098
5529
5530
1099
5540
1101
5542
5543
5544
1102
5546
5547
5548
5549
1103
5555
5556
1104
5558
5559
5566
5567
5568
5569
5570
5571
5573
5575
5577
5582
5583
5584
5585
5586
5588
5589
5590
5592
5594
5595
5596
5597
5608
5609
5610
5619
5620
5621
5626
5627
5628
5629
5630
5632
5633
5638
5641
5646
5647
5648
5649
5650
5651
5652
22037
5654
5655
5656
5657
5658
5659
5660
5662
5665
5666
5670
5671
5682
5683
5684
5686
5689
5705
5707
5708
5715
5716
5719
5722
5723
5724
5725
5732
5734
5735
5739
5741
5742
71278
5744
5747
5748
5749
5750
5752
5754
5755
5757
5758
5759
5762
5763
5764
5773
5774
5775
5776
5777
5779
5792
5795
5796
5797
5798
5800
5801
5804
5805
5806
5813
5817
5818
5819
5820
5821
5822
5823
5824
5826
5827
5828
5829
5830
5832
5833
5834
5835
5836
5837
5839
5840
5846
5848
5849
5851
5852
5853
5854
5855
5856
5857
5858
5859
5860
14053
14054
14055
14056
14057
14058
5861
5862
5869
5870
5871
5863
5864
5865
5875
5867
5868
5890
5892
5893
5894
5895
5897
5898
5899
5900
5901
5902
5904
5911
5912
5913
5914
5919
5920
5921
5922
5925
5927
5929
5932
5936
5939
5941
5943
5944
5946
5947
5950
5962
5963
5966
5969
5970
5973
5977
5981
5985
5987
5992
5993
5994
5997
5998
5999
6000
6002
6010
6011
6012
6021
6022
6024
6026
6029
6032
6033
6034
6035
6036
6037
6038
6040
6041
6042
6043
6046
6050
6053
6054
6059
6063
6065
6067
6069
6070
6073
1207
6076
6077
6078
6080
6081
6083
6084
6085
6086
6087
6088
6089
6091
6093
6094
6097
6098
1212
6102
6103
6104
6105
6106
6107
6108
1214
6110
6111
6113
6114
1215
6117
1216
6121
6124
6125
1217
6129
6131
1219
6139
6140
6141
1220
6148
1222
6150
6151
6152
1223
6158
1224
6164
6165
6166
1225
1226
6170
6171
6172
6173
6174
6176
6177
6178
1228
6182
6184
6185
6186
6187
6190
6191
6193
6194
1231
6196
6197
6198
6199
1232
6201
6202
6204
6206
6209
6210
1234
6219
6220
6221
6222
6224
6227
6228
6229
6230
1238
6232
6233
6235
6237
6238
6240
6241
6242
6243
6244
6245
6246
6247
6248
6249
6250
6251
6252
6253
6254
6255
6256
6259
1244
6264
6265
6268
1246
6270
6272
6275
6278
6280
6281
1248
6283
6284
6285
6287
6288
6289
6290
6291
6292
6294
6297
6298
6301
6302
6303
6305
6307
6308
6313
6320
6321
6322
6324
6325
6326
6327
6328
6329
6330
6331
22712
6335
6336
6338
6339
6349
6350
6352
6353
6354
6355
6360
6361
6362
6363
6364
6365
6369
6370
6373
6379
6380
6387
6388
6399
6403
6407
6408
6409
6410
6411
6412
6414
6417
6420
6421
6422
6423
6424
6425
6427
6428
6429
6431
6433
6436
6438
6440
6441
6442
6443
6446
6462
6467
6469
6470
6471
6474
6476
6480
6481
6482
6483
6484
6485
6486
6489
6490
6493
6495
6496
6497
6501
6502
6503
6504
6505
6506
6507
6508
6509
6512
6513
6516
6517
6528
6536
6543
6544
6545
6546
6550
6551
6553
6554
6555
6556
6557
6558
6559
6560
6561
6563
6565
6568
6569
6570
6573
6575
6582
6583
6584
6585
6588
6589
6590
6591
6592
6593
6594
6595
6599
6610
6612
6614
6616
6617
6621
6624
6625
6632
6633
6636
6638
6639
6640
6641
6642
6643
6647
6648
6649
6652
6653
6654
6655
6656
6657
6658
6659
6660
6661
6663
6664
6665
6666
6667
6668
6669
6670
6671
6672
6673
6674
6675
6677
6683
6690
6695
6699
6700
6701
6703
6705
6706
6711
6713
6714
6715
6716
6717
6718
6719
6720
6722
6723
6724
6725
6727
6731
6732
6733
6734
6735
6738
6748
6749
6750
6751
6754
6755
6756
6757
6758
6767
6770
6771
6775
6777
6780
6781
6782
6787
6788
14981
6790
14983
14984
6793
14986
14987
6794
6797
6798
6796
6792
6805
6807
6809
6810
15003
6811
6829
6830
6831
6833
6835
6837
6838
6840
6842
6843
6846
6847
6848
6849
6850
6851
6857
6858
6859
6860
6861
6862
6865
6866
6867
6868
6869
6878
6879
6880
6881
6882
6883
6885
6886
6887
6888
6889
6890
6891
6892
6893
6894
6895
6897
6898
6899
6900
6907
6912
6915
6916
6917
6922
6923
6924
6926
6929
6930
6937
6938
6941
6942
6943
6944
6945
6946
6947
6948
6949
6950
6954
6956
6959
6960
6962
6963
6964
6965
6966
6968
6970
6973
6974
6976
6977
6979
6982
6983
6984
6985
6986
6987
6988
6992
6993
6997
6998
7003
7008
7014
7015
7017
7021
7023
7026
7028
7038
7039
7041
7042
7044
7045
7047
7048
7049
7050
7051
7052
7053
7054
7055
7056
7057
7058
7059
7060
7061
7062
7064
7065
7066
7067
7068
7069
7070
7071
7072
7073
7074
7075
7077
7078
7080
7081
7083
7087
7088
7089
7090
7091
7092
7093
7094
7095
7096
7099
7100
7101
7105
7107
7111
7112
7114
7115
7116
7117
7119
7120
7121
7124
7135
7136
7138
7139
7141
7143
7144
7145
7151
7158
7159
7161
7162
7164
7165
7166
7167
7175
7176
7181
7184
7185
7187
7189
7190
7191
7192
7195
7200
7202
7203
7208
7216
7218
7219
7221
7222
7223
7224
7225
7226
7227
7232
7233
7235
7239
7240
7245
7248
7249
7250
7255
7262
7265
7266
7267
7268
7269
7270
7272
7273
7275
7282
7283
7284
7286
7287
7288
7289
7290
7293
7294
7304
7305
7309
7312
7313
7315
7317
7320
7326
7327
7337
7338
7341
7342
7344
7345
7347
7348
7349
7350
7352
7353
7356
7357
7358
7359
7360
7362
7363
7364
7365
7366
7367
7368
7372
7374
7377
7379
7380
7389
7390
7392
7394
7395
7396
7397
7399
7400
7401
7403
7407
7408
7409
7411
7412
7413
7416
7418
7419
7421
7425
7426
7429
7430
7431
7433
7434
7439
7444
7445
7451
7453
7454
7459
7461
7462
7466
7475
7476
7477
7478
7479
7480
7487
7488
7489
7494
7495
7496
7498
7499
7502
15696
7509
7512
7513
7514
7515
7517
7518
7521
7522
7523
7524
7525
7526
7529
7535
7537
7538
7539
7543
7545
7546
15739
7554
7555
7556
7558
15752
7560
7562
7561
7564
7565
7568
7569
7571
7572
7573
7576
7577
7578
7579
7581
7583
7584
7586
7588
7590
7591
7598
7599
7601
7602
7604
7607
7608
7609
7610
7611
7612
7613
7614
7615
7616
7621
7623
7627
7630
7631
7632
7633
7638
7639
7640
7645
7646
7647
7648
7649
7650
7651
7652
7653
7656
7661
7662
7663
7664
1523
7667
7668
1524
7670
7674
7675
7679
7689
7690
7692
7694
7696
7697
7698
7699
7700
7701
7702
7703
7704
7708
7709
7710
7712
7713
7715
7716
7725
7727
7728
7729
7731
7732
7733
7736
7737
7739
7745
7746
7748
7749
7750
7755
7756
7757
7758
7759
7761
7762
7764
7765
7768
7780
7781
7787
7789
7792
7796
7797
7800
7802
7803
7804
7808
7810
7813
7814
7815
7816
7818
7820
7821
7825
7827
7828
7829
7830
7831
7832
7834
7836
7837
7839
7840
7841
7843
7846
7847
7848
7850
7851
7853
7854
7856
7857
7858
7862
7863
7876
7877
7878
7879
7881
7882
7883
7887
7888
7891
7892
7893
7894
7895
7896
7897
1569
7899
1570
7901
7902
7903
7905
7906
7909
7910
7912
7913
7917
7918
7919
7920
7923
7928
7929
7930
7931
7933
7934
7935
7936
7940
7941
7946
7947
7948
7949
7950
7951
7955
7966
7967
7968
7969
7970
7971
1584
7973
7974
7980
7981
7982
7983
7984
7985
1587
7989
7990
7993
7994
7995
7996
7997
7998
7999
8000
8004
8005
8006
8007
8010
8011
8012
8013
8015
16210
8019
8025
8026
8027
8033
8034
8035
8036
8038
8039
8040
8041
8043
8048
8049
32625
8055
8056
8057
8068
8069
8070
8071
8074
8083
8084
8087
8090
1608
8093
8095
1609
8102
1611
8107
8108
8109
322
1612
8115
1613
8117
8118
8121
8122
8123
8124
8125
1615
8127
1614
8129
8130
8131
8132
1616
8134
8136
8137
8139
8141
8147
8151
1620
8154
8156
8161
8163
8164
8165
8169
8171
8172
8173
8174
8175
8176
8178
8179
8180
8181
8184
8189
8191
# 2006
33712
34575
36802
4242
6419
73711
73726
73734
73735
11468
11570
11575
11576
11585
11600
11601
11606
11619
11621
11624
11631
11632
11636
11638
11640
11642
11644
11650
11652
11653
11655
11656
11657
11658
11659
11660
11661
11662
11669
11671
11672
11673
11678
11679
11683
11686
11688
11690
11691
11693
11700
11701
11702
11703
11704
11706
11707
11710
11711
11712
11714
11717
11718
11719
11720
11721
11722
11723
11724
11725
11732
11734
11738
11739
11740
11741
11742
11743
11744
11747
11748
11749
11750
11752
11754
11756
11758
11759
11761
11764
11765
11773
11774
11775
11778
11779
11780
11781
11782
11785
11786
11787
11788
11790
11791
11793
11802
11803
11804
11805
11806
11807
11813
11814
11819
11821
11823
11825
11826
11829
11831
11832
11837
11838
11839
11842
11844
11847
11850
11851
11852
11853
11856
11857
11860
11861
11869
11870
11871
11877
11879
11880
11885
11886
11896
11898
11904
11905
11907
11908
11913
11914
11916
11918
11921
11922
11923
11924
11927
11928
11929
11930
11933
11934
11935
11936
11946
11947
11949
11950
11952
11953
11954
11956
11957
11959
11960
11961
11964
11965
11967
11970
11971
11972
11973
11975
11978
11979
11980
11981
11982
11983
11987
11990
11991
12001
12002
12003
12004
12006
12007
12010
12011
12012
12013
12015
12018
12019
12020
12026
12033
12034
12035
12038
12039
12040
12041
12042
12045
12046
12047
12049
12050
12051
12054
12056
12057
12058
12060
12062
12064
12066
12067
12068
12071
12075
12076
12077
12079
12080
12081
12082
12083
12086
12088
12089
12090
12091
12092
12093
12094
12099
12101
12102
12104
12105
12106
12117
12118
12119
12121
12123
12127
12129
12130
12132
12133
12136
12138
12139
12142
12145
12147
12148
12149
12150
12151
12152
12153
12154
12157
12158
12159
12161
12162
12163
12166
12167
12168
12169
12171
12173
12174
12175
12179
12180
12181
12183
12184
12190
12191
12192
12199
12200
12202
12203
12212
12213
12214
12218
12247
12249
12250
12251
12252
12253
12254
12255
12256
12257
12258
12261
12262
12263
12267
12269
12271
12272
12278
12283
12284
12285
12286
12288
12289
12291
12292
12294
12296
12297
12298
12299
12300
12301
12302
12309
12310
12311
12312
12315
12316
12323
12324
12328
12331
12332
12333
12339
12340
12343
12344
12347
12349
12350
12351
12357
12360
12361
12362
12368
12370
12371
12376
12377
12378
12380
12381
12382
12386
12387
12388
12389
12390
12392
12393
12397
12398
12405
12406
12407
12409
12410
12411
12412
12413
12414
12415
12417
12421
12423
12424
12432
12433
12436
12437
12438
12439
12440
12441
12442
12444
12445
12447
12451
12452
12463
12467
12468
12469
12470
12471
12472
12475
12479
12482
12483
12484
12486
12487
12489
12490
12491
12495
12499
12501
12502
12503
12504
12507
12508
12510
12513
12516
12524
12525
12526
12527
12530
12531
12532
12533
12534
12541
12542
12543
12546
12548
12551
12552
12553
12554
12555
12560
12561
12563
12570
12571
12572
12573
12574
12578
12582
12585
12586
12587
12588
12589
12590
12591
12596
12597
12599
12600
12601
12602
12603
12604
12608
12611
12612
12614
12615
12616
12617
12618
12619
12621
12622
12624
12625
12628
12629
12633
12636
12637
12638
12641
12644
12645
12647
12649
12650
12652
12653
12659
12662
12663
12664
12669
12672
12673
12675
12676
12678
12679
12680
12682
12684
12685
12686
12691
12692
12695
12696
12700
12701
12703
12705
12707
12708
12709
12711
12712
12714
12715
12717
12719
12720
12721
12724
12726
12728
12731
12734
12736
12743
12744
12745
12746
12748
12750
12751
12752
12754
12756
12757
12762
12763
12764
12765
12769
12774
12775
12776
12777
12789
12790
12791
12793
12795
12796
12800
12801
12803
12815
12816
12818
12819
12820
12821
12823
12824
12825
12826
12846
12847
12849
12851
12852
12853
12856
12857
12858
12859
12860
12861
12863
12864
12866
12867
12870
12871
12872
12874
12884
12888
12890
12892
12893
12894
12895
12896
12897
12898
12899
12900
12901
12902
12903
12905
12906
12907
12911
12915
12917
12918
12919
12920
12921
12926
12927
12937
12938
12939
12943
12948
12951
12956
12957
12958
12966
12967
12968
12971
12975
12983
12984
12988
12989
12990
12991
12994
12995
12996
13005
13006
13007
13010
13013
13014
13017
13024
13026
13027
13028
13029
13030
13041
13043
13045
13046
13048
13052
13055
13056
13058
13060
13061
13062
13065
13069
13070
13071
13074
13082
13088
13089
13090
13091
13094
13095
13097
13099
13101
13104
13105
13108
13109
13113
13114
13115
13116
13117
13119
13120
13121
13123
13124
13127
13137
13140
13142
13143
13146
13147
13149
13150
13154
13157
13162
13166
13167
13170
13172
13174
13175
13178
13179
13180
13181
13183
13184
13186
13187
13191
13192
13197
13198
13205
13206
13207
13208
13210
13213
13214
13215
13216
13219
13220
13221
13228
13229
13231
13236
13238
13239
13241
13242
13244
13246
13249
13251
13253
13257
13258
13265
13266
13267
13268
13269
13270
13271
13272
13273
13278
13281
13284
13288
13289
13291
13292
13293
13294
13296
13297
13298
13300
13301
13302
13303
13304
13305
13306
13308
13309
13310
13311
13317
13318
13321
13323
13324
13325
13327
13328
13329
13331
13332
13333
13336
13339
13340
13343
13344
13345
13346
13348
13350
13354
13355
13357
13358
13359
13360
13361
13365
13377
13378
13379
13380
13381
13382
13384
13385
13388
13390
13391
13394
13395
13396
13397
13398
13399
13400
13401
13403
13406
13407
13409
13412
13414
13419
13420
13421
13422
13425
13427
13428
13432
13433
13435
13437
13440
13444
13445
13450
13451
13456
13457
13458
13459
13462
13464
13465
13468
13473
13474
13476
13477
13478
13479
13480
13483
13484
13485
13486
13488
13489
13491
13492
13494
13499
13500
13501
13502
13503
13504
13505
13509
13511
13515
13521
13522
13524
13527
13528
13529
13531
13534
13535
13537
13543
13547
13550
13554
13561
13562
13564
13565
13568
13571
13573
13575
13578
13579
13580
13581
13582
13583
13584
13586
13587
13588
13589
13591
13592
13594
13595
13596
13597
13599
13601
13603
13606
13607
13611
13612
13613
13617
13619
13620
13621
13622
13623
13624
13625
13630
13631
13632
13633
13634
13636
13638
13639
13640
13644
13645
13648
13654
13655
13657
13658
13661
13663
13664
13668
13669
13674
13675
13676
13680
13682
13683
13684
13685
13687
13689
13692
13693
13694
13696
13697
13702
13703
13704
13706
13707
13710
13714
13725
13726
13727
13728
13732
13740
13741
13745
13748
13750
13756
13757
13759
13760
13762
13763
13764
13765
13766
13767
13771
13772
13773
13774
13776
13777
13778
13779
13780
13790
13793
13794
13796
13798
13799
13800
13802
13803
13806
13807
13811
13812
13813
13814
13816
13817
13818
13819
13820
13821
13822
13825
13828
13829
13832
13834
13835
13842
13857
13858
13859
13860
13861
13862
13863
13864
13865
13866
13867
13868
13869
13870
13874
13875
13876
13877
13878
13879
13880
13881
13882
13883
13884
13885
13890
13894
13895
13897
13898
13902
13904
13905
13910
13912
13913
13921
13923
13924
13925
13930
13931
13933
13945
13948
13952
13953
13955
13957
13958
13959
13960
13961
13962
13965
13969
13976
13977
13978
13979
13980
13981
13982
13983
13989
13990
13991
13992
13994
13996
13997
13998
14006
14008
14010
14011
14012
14013
14016
14023
14024
14029
14038
14041
14042
14043
14044
14045
14048
14049
14051
14052
14059
14060
14061
14063
14065
14066
14067
14068
14069
14072
14073
14074
14080
14086
14087
14088
14091
14093
14097
14098
14099
14100
14103
14104
14106
14108
14110
14111
14112
14113
14114
14115
14116
14117
14118
14119
14120
14121
14122
14123
14124
14125
14127
14128
14130
14134
14135
14137
14138
14139
14140
14141
14142
14145
14146
14147
14149
14152
14153
14154
14155
14168
14176
14177
14178
14179
14182
14185
14190
14191
14193
14195
14200
14201
14208
14209
14210
14211
14212
14214
14215
14216
14219
14220
14221
14225
14227
14228
14230
14231
14232
14239
14240
14241
14242
14243
14248
14249
14250
14252
14254
14255
14258
14259
14263
14266
14267
14268
14269
14270
14271
14273
14274
14275
14276
14277
14280
14281
14283
14288
14289
14290
14292
14293
14298
14300
14301
14302
14303
14308
14309
14311
14314
14315
14316
14322
14323
14324
14325
14326
14567
14568
14569
14571
14573
14574
14578
14579
14580
14581
14582
14583
14585
14587
14589
14590
14594
14596
14597
14598
14601
14607
14608
14609
14610
14611
14612
14613
14615
14616
14625
14626
14627
14628
14629
14632
14633
14635
14636
14638
14640
14641
14642
14643
14644
14645
14646
14649
14652
14653
14654
14655
14656
14657
14659
14660
14662
14663
14664
14665
14666
14667
14669
14671
14674
14682
14683
14684
14685
14686
14687
14689
14691
14692
14693
14694
14696
14706
14710
14711
14713
14714
14715
14719
14725
14726
14732
14733
14737
14738
14740
14741
14742
14745
14747
14748
14750
14751
14752
14754
14755
14756
14758
14761
14762
14764
14767
14769
14772
14775
14779
14780
14781
14782
14783
14784
14785
14786
14787
14788
14792
14793
14794
14797
14803
14805
14806
14807
14808
14811
14812
14813
14814
14815
14816
14817
14818
14826
14832
14833
14834
14835
14838
14839
14840
14841
14843
14844
14848
14849
14851
14852
14853
14854
14855
14856
14857
14858
14860
14861
14862
14863
14864
14868
14870
14874
14879
14881
14884
14885
14887
14891
14892
14893
14895
14898
14899
14901
14902
14903
14906
14908
14909
14910
14911
14912
14915
14916
14918
14920
14921
14922
14923
14924
14925
14926
14927
14929
14934
14935
14937
14939
14940
14941
14942
14948
14949
14950
14960
14961
14963
14964
14965
14967
14968
14969
14970
14971
14972
14973
14974
14975
14976
14977
14978
14979
14982
14988
14989
14990
14991
14992
14993
14994
14995
14996
15000
15001
15002
15005
15007
15008
15009
15010
15011
15012
15015
15016
15018
15019
15023
15025
15026
15028
15030
15035
15036
15040
15044
15046
15047
15048
15050
15051
15058
15059
15060
15061
15062
15063
15064
15065
15066
15068
15072
15081
15083
15086
15087
15089
15090
15091
15094
15095
15096
15097
15098
15099
15100
15101
15102
15103
15106
15108
15110
15112
15113
15118
15119
15126
15127
15128
15129
15132
15134
15142
15143
15144
15147
15148
15149
15154
15155
15157
15158
15159
15162
15164
15169
15170
15171
15172
15173
15175
15177
15178
15180
15182
15185
15187
15188
15189
15193
15194
15195
15196
15197
15198
15199
15200
15205
15206
15207
15213
15215
15216
15219
15220
15221
15222
15223
15224
15225
15228
15230
15231
15232
15234
15236
15238
15240
15241
15243
15244
15247
15251
15257
15259
15260
15263
15267
15270
15271
15272
15273
15276
15277
15278
15279
15291
15293
15294
15295
15303
15306
15307
15308
15313
15314
15315
15316
15317
15318
15320
15327
15328
15329
15332
15343
15345
15346
15347
15349
15350
15355
15356
15357
15358
15363
15365
15367
15369
15371
15372
15374
15375
15376
15378
15380
15381
15387
15394
15396
15401
15407
15412
15415
15416
15417
15419
15420
15421
15423
15424
15426
15429
15430
15432
15434
15435
15436
15437
15438
15444
15445
15446
15447
15449
15450
15451
15452
15454
15455
15457
15458
15460
15468
15470
15471
15473
15478
15480
15482
15483
15486
15487
15492
15493
15494
15495
15496
15497
15498
15499
15501
15503
15505
15507
15508
15509
15510
15512
15513
15514
15516
15518
15520
15521
15523
15528
15529
15533
15535
15541
15543
15544
15545
15547
15549
15556
15557
15559
15562
15563
15565
15566
15567
15569
15570
15571
15576
15577
15579
15584
15585
15586
15587
15589
15590
15593
15595
15596
15597
15598
15599
15600
15601
15602
15603
15605
15606
15607
15610
15611
15613
15614
15615
15616
15617
15618
15619
15620
15621
15623
15624
15625
15626
15627
15628
15630
15631
15633
15634
15635
15637
15642
15645
15646
15648
15649
15650
15651
15652
15653
15654
15655
15656
15657
15658
15659
15660
15661
15662
15663
15664
15665
15666
15667
15668
15669
15670
15671
15672
15673
15674
15675
15676
15677
15678
15679
15680
15681
15682
15683
15684
15685
15686
15689
15691
15693
15694
15695
15701
15702
15706
15716
15720
15721
15723
15724
15725
15726
15729
15730
15731
15732
15733
15735
15741
15744
15745
15747
15749
15750
15757
15758
15760
15761
15763
15764
15770
15771
15780
15781
15782
15783
15785
15787
15789
15790
15793
15795
15800
15802
15803
15804
15805
15807
15809
15811
15812
15816
15817
15822
15826
15827
15830
15831
15832
15833
15834
15837
15838
15843
15844
15845
15847
15848
15849
15850
15851
15852
15857
15859
15860
15862
15864
15867
15868
15870
15871
15872
15873
15874
15875
15876
15877
15886
15889
15890
15891
15892
15894
15896
15899
15902
15903
15905
15907
15908
15910
15911
15913
15914
15915
15916
15917
15920
15925
15927
15929
15930
15931
15932
15936
15943
15944
15948
15949
15950
15955
15956
15958
15961
15962
15963
15964
15967
15968
15970
15971
15973
15975
15976
15983
15984
15985
15986
15987
15989
15991
15993
15994
15997
15999
16000
16001
16004
16005
16006
16007
16014
16018
16019
16020
16023
16025
16027
16029
16031
16035
16038
16039
16040
16041
16044
16046
16048
16053
16054
16055
16057
16058
16059
16061
16062
16064
16065
16066
16067
16068
16074
16075
16076
16077
16085
16088
16090
16091
16092
16093
16099
16100
16101
16102
16103
16104
16106
16108
16109
16110
16113
16114
16115
16119
16120
16121
16122
16123
16125
16126
16127
16128
16129
16131
16138
16143
16144
16145
16146
16147
16148
16149
16150
16152
16154
16155
16156
16158
16160
16163
16165
16166
16170
16171
16173
16174
16175
16176
16177
16178
16180
16181
16182
16183
16184
16185
16186
16187
16190
16194
16196
16197
16199
16203
16206
16209
16211
16215
16216
16217
16243
16244
16245
16246
16249
16250
16252
16253
16255
16256
16261
16263
16266
16267
16268
16270
16271
16272
16273
16274
16276
16277
16279
16280
16282
16283
16284
16286
16288
16289
16293
16309
16313
16316
16317
16321
16322
16323
16325
16327
16328
16329
16330
16331
16332
16333
16335
16336
16337
16340
16341
16342
16346
16351
16352
16353
16355
16356
16362
16363
16365
16366
16367
16368
16369
16370
16371
16373
16374
16375
16376
16380
16386
16394
16396
16399
16400
16401
16402
16403
16406
16407
16408
16411
16412
16416
16418
16419
16425
16426
16429
16430
16435
16436
16438
16439
16440
16441
16443
16444
16446
16447
16452
16453
16454
16455
16457
16460
16462
16464
16465
16466
16468
16475
16482
16484
16485
16486
16489
16491
16492
16494
16498
16502
16506
16510
16511
16512
16513
16514
16516
16517
16521
16522
16523
16529
16530
16533
16534
16535
16538
16539
16541
16542
16543
16544
16546
16547
16551
16552
16553
16554
16555
16556
16558
16559
16560
16562
16564
16566
16567
16569
16571
16572
16579
16580
16582
16583
16584
16585
16586
16588
16591
16595
16596
16597
16598
16599
16600
16602
16603
16608
16617
16620
16621
16622
16623
16626
16627
16633
16634
16636
16637
16638
16641
16642
16643
16644
16645
16647
16649
16654
16655
16656
16658
16659
16660
16662
16663
16664
16665
16667
16669
16670
16671
16672
16673
16674
16678
16679
16680
16696
16697
16698
16705
16709
16710
16711
16712
16713
16714
16717
16722
16723
16724
16725
16727
16729
16730
16732
16741
16747
16748
16749
16750
16754
16755
16756
16757
16758
16760
16761
16762
16765
16766
16767
16768
16770
16771
16776
16778
16781
16782
16783
16784
16785
16786
16789
16790
16791
16794
16795
16799
16800
16801
16803
16804
16805
16806
16809
16813
16814
16815
16816
16817
16825
16827
16828
16829
16831
16834
16835
16842
16843
16846
16847
16848
16849
16850
16851
16852
16853
16854
16855
16857
16858
16859
16860
16861
16862
16867
16868
16869
16870
16871
16875
16876
16879
16880
16881
16883
16884
16886
16889
16892
16896
16899
16902
16903
16905
16906
16907
16908
16909
16910
16911
16914
16917
16918
16919
16926
16928
16931
16935
16936
16937
16941
16943
16944
16945
16946
16947
16949
16950
16953
16958
16959
16962
16963
16964
16967
16968
16969
16970
16971
16973
16974
16975
16980
16981
16982
16983
16984
16987
16988
16990
16991
16992
16993
16994
16995
16996
16997
16999
17000
17005
17007
17010
17011
17012
17020
17021
17029
17032
17033
17034
17035
17036
17046
17049
17051
17061
17065
17067
17075
17078
17079
17080
17081
17083
17084
17085
17087
17090
17093
17095
17098
17100
17101
17102
17104
17105
17107
17108
17111
17112
17113
17115
17117
17119
17126
17127
17128
17130
17135
17137
17139
17141
17142
17143
17146
17147
17151
17153
17154
17155
17156
17157
17159
17161
17162
17164
17165
17167
17168
17169
17173
17174
17178
17180
17181
17183
17184
17185
17188
17191
17194
17195
17203
17204
17205
17232
17248
17252
17253
17258
17262
17263
17264
17265
17266
17267
17268
17269
17270
17272
17273
17274
17275
17276
17277
17282
17283
17284
17285
17286
17287
17288
17289
17290
17291
17295
17298
17300
17301
17302
17303
17305
17307
17308
17309
17312
17314
17317
17335
17339
17340
17341
17343
17344
17345
17346
17348
17351
17352
17353
17355
17356
17357
17361
17362
17373
17386
17388
17389
17390
17403
17406
17411
17412
17413
17416
17418
17420
17421
17422
17430
17435
17436
17437
17438
17439
17440
17441
17442
17443
17444
17445
17446
17447
17448
17450
17451
17453
17458
17459
17462
17465
17466
17467
17468
17469
17470
17471
17473
17474
17475
17476
17477
17485
17486
17487
17488
17489
17490
17491
17492
17493
17502
17503
17504
17505
17508
17510
17511
17512
17514
17515
17516
17517
17518
17521
17525
17531
17532
17539
17543
17544
17548
17549
17551
17555
17563
17564
17565
17566
17568
17569
17570
17574
17576
17580
17583
17595
17596
17598
17599
17603
17605
17606
17609
17612
17616
17617
17618
17620
17623
17624
17625
17626
17627
17628
17629
17630
17637
17638
17640
17643
17644
17645
17646
17648
17649
17650
17652
17655
17656
17657
17660
17663
17664
17668
17670
17671
17672
17674
17675
17676
17677
17678
17679
17680
17681
17682
17687
17689
17690
17695
17700
17701
17702
17703
17704
17705
17706
17707
17708
17710
17712
17713
17714
17722
17727
17728
17729
17730
17734
17735
17736
17737
17738
17739
17745
17746
17747
17749
17750
17752
17754
17755
17756
17762
17763
17765
17767
17768
17774
17775
17776
17777
17778
17779
17780
17783
17786
17787
17789
17795
17796
17799
17801
17803
17808
17811
17816
17819
17822
17823
17824
17825
17826
17828
17829
17830
17831
17833
17836
17837
17840
17841
17842
17843
17844
17845
17846
17847
17848
17849
17855
17856
17857
17858
17859
17860
17861
17862
17863
17866
17867
17869
17871
17874
17875
17876
17878
17879
17880
17885
17889
17890
17891
17893
17894
17895
17896
17897
17898
17902
17903
17904
17907
17911
17912
17914
17915
17917
17921
17922
17925
17927
17928
17936
17937
17939
17940
17942
17945
17949
17950
17952
17954
17957
17958
17959
17960
17962
17963
17971
17972
17974
17975
17976
17977
17978
17979
17980
17981
17982
17984
17985
17986
17987
17988
17989
17990
17991
17994
17996
17997
18009
18011
18012
18016
18017
18018
18025
18032
18035
18036
18038
18041
18042
18043
18044
18045
18046
18047
18051
18053
18054
18056
18057
18058
18059
18060
18061
18063
18064
18067
18068
18073
18078
18079
18082
18083
18086
18087
18088
18089
18090
18096
18097
18099
18101
18102
18103
18107
18110
18114
18115
18124
18126
18127
18128
18129
18130
18131
18132
18135
18136
18137
18139
18140
18141
18142
18145
18146
18147
18150
18156
18157
18159
18161
18162
18174
18175
18176
18180
18181
18187
18188
18190
18191
18192
18193
18196
18199
18202
18203
18205
18206
18207
18209
18210
18211
18213
18214
18216
18219
18220
18222
18224
18233
18234
18237
18238
18239
18240
18242
18244
18246
18247
18248
18249
18250
18251
18252
18253
18254
18256
18257
18258
18259
18260
18261
18262
18265
18268
18269
18270
18271
18274
18276
18280
18281
18284
18285
18286
18289
18295
18296
18297
18298
18303
18305
18306
18309
18310
18311
18312
18313
18316
18318
18319
18320
18322
18324
18325
18326
18329
18332
18334
18336
18337
18338
18340
18341
18342
18343
18344
18345
18346
18347
18348
18350
18353
18355
18356
18358
18360
18362
18364
18365
18366
18368
18369
18370
18375
18377
18383
18388
18389
18392
18393
18395
18396
18398
18399
18400
18403
18404
18405
18406
18409
18410
18412
18414
18416
18417
18419
18420
18421
18424
18425
18432
18439
18440
18443
18444
18447
18448
18449
18450
18452
18453
18454
18455
18457
18458
18461
18462
18463
18465
18466
18467
18469
18470
18471
18472
18474
18475
18476
18478
18479
18484
18487
18488
18489
18490
18491
18492
18501
18502
18504
18506
18510
18512
18515
18519
18522
18523
18524
18525
18529
18530
18532
18533
18534
18538
18539
18540
18541
18542
18543
18545
18548
18549
18550
18551
18552
18553
18554
18563
18564
18566
18572
18576
18577
18578
18579
18580
18587
18590
18591
18593
18595
18596
18597
18598
18599
18601
18602
18604
18608
18611
18612
18616
18617
18618
18619
18620
18621
18622
18623
18624
18625
18626
18628
18629
18630
18641
18646
18647
18648
18654
18655
18658
18664
18665
18667
18670
18674
18675
18679
18680
18681
18682
18685
18688
18689
18690
18691
18692
18693
18694
18695
18696
18699
18700
18705
18706
18709
18710
18711
18712
18715
18716
18721
18722
18725
18727
18730
18732
18733
18734
18735
18737
18738
18739
18740
18741
18742
18783
18787
18789
18794
18796
18797
18799
18800
18801
18802
18803
18805
18813
18818
18819
18821
18822
18823
18824
18825
18826
18827
18828
18831
18834
18837
18838
18839
18840
18841
18842
18843
18844
18847
18850
18853
18854
18862
18864
18867
18868
18870
18871
18872
18873
18876
18879
18881
18883
18884
18888
18890
18891
18893
18894
18895
18896
18898
18899
18901
18902
18906
18907
18909
18910
18911
18912
18913
18915
18918
18919
18922
18923
18925
18927
18930
18932
18934
18937
18938
18939
18947
18948
18961
18962
18963
18964
18965
18967
18968
18969
18970
18972
18975
18976
18979
18980
18981
18982
18986
18987
18988
18989
18990
18991
18996
19001
19002
19003
19004
19005
19008
19010
19011
19013
19015
19016
19017
19019
19028
19030
19032
19033
19034
19035
19037
19044
19045
19047
19049
19050
19051
19054
19055
19058
19059
19064
19068
19069
19077
19078
19079
19080
19081
19083
19085
19089
19090
19091
19092
19093
19094
19096
19098
19099
19100
19102
19103
19104
19105
19106
19108
19111
19112
19113
19114
19115
19116
19119
19122
19124
19125
19126
19127
19128
19129
19130
19131
19133
19134
19136
19137
19138
19146
19147
19151
19152
19153
19156
19161
19162
19165
19166
19167
19168
19171
19175
19176
19177
19178
19179
19180
19181
19182
19184
19185
19187
19192
19193
19194
19195
19200
19201
19202
19203
19204
19206
19209
19211
19212
19213
19214
19215
19218
19220
19221
19222
19223
19224
19225
19226
19228
19233
19236
19237
19239
19240
19241
19242
19244
19246
19252
19256
19257
19260
19261
19262
19268
19276
19277
19278
19280
19281
19282
19284
19286
19288
19297
19298
19299
19300
19301
19306
19308
19312
19313
19316
19317
19318
19324
19328
19329
19339
19342
19343
19349
19350
19351
19352
19353
19356
19358
19359
19364
19365
19366
19372
19373
19378
19382
19383
19384
19385
19386
19388
19390
19391
19392
19398
19400
19402
19403
19404
19405
19408
19410
19411
19412
19413
19414
19416
19418
19421
19422
19423
19425
19426
19427
19428
19429
19430
19431
19432
19433
19435
19439
19440
19443
19445
19448
19451
19452
19453
19454
19458
19459
19460
19461
19462
19463
19464
19465
19466
19467
19468
19469
19472
19473
19474
19476
19478
19481
19484
19487
19488
19489
19490
19495
19496
19497
19500
19501
19502
19505
19506
19507
19508
19510
19511
19513
19514
19515
19517
19521
19522
19525
19526
19527
19528
19529
19530
19531
19534
19538
19540
19542
19547
19550
19552
19554
19555
19559
19560
19561
19562
19565
19569
19570
19571
19572
19573
19574
19575
19577
19584
19586
19589
19591
19592
19594
19596
19598
19599
19605
19606
19607
19608
19609
19610
19612
19613
19614
19617
19618
19623
19624
19627
19639
19640
19641
19642
19643
19644
19645
19646
19648
19649
19650
19651
19653
19654
19656
19658
19662
19667
19669
19670
19671
19672
19674
19675
19676
19678
19681
19683
19684
19689
19696
19700
19702
19703
19704
19706
19707
19708
19709
19714
19715
19716
19717
19718
19719
19720
19721
19722
19726
19727
19728
19729
19730
19732
19735
19736
19737
19739
19742
19743
19745
19746
19750
19752
19759
19761
19763
19772
19773
19774
19775
19777
19778
19781
19782
19783
19784
19785
19787
19790
19791
19793
19794
19796
19797
19799
19800
19801
19802
19809
19810
19812
19818
19819
19822
19823
19825
19826
19835
19836
19839
19840
19844
19845
19847
19849
19850
19851
19856
19857
19858
19859
19862
19866
19867
19870
19884
19886
19887
19889
19891
19895
19896
19898
19899
19901
19903
19904
19906
19908
19909
19913
19916
19917
19930
19938
19939
19941
19942
19943
19945
19948
19950
19951
19952
19956
19958
19959
19962
19973
19976
19978
19980
19983
19985
19986
19988
19989
19990
19992
19997
19998
19999
20000
20001
20003
20009
20010
20013
20014
20035
20039
20040
20041
20042
20043
20046
20049
20050
20052
20053
20054
20057
20061
20062
20063
20064
20065
20066
20068
20069
20070
20071
20072
20074
20075
20078
20079
20080
20085
20086
20087
20088
20092
20095
20096
20098
20100
20101
20106
20107
20110
20113
20114
20117
20119
20120
20122
20123
20124
20125
20129
20133
20134
20135
20136
20137
20142
20143
20144
20145
20147
20150
20151
20152
20153
20154
20155
20159
20160
20161
20162
20163
20166
20170
20171
20172
20177
20179
20189
20199
20201
20202
20203
20204
20205
20206
20208
20209
20211
20213
20214
20216
20223
20224
20225
20226
20229
20230
20231
20232
20234
20235
20236
20240
20241
20242
20243
20246
20247
20249
20251
20253
20256
20257
20258
20260
20261
20262
20263
20264
20265
20267
20269
20270
20271
20272
20276
20277
20284
20285
20288
20289
20290
20291
20292
20293
20294
20297
20298
20299
20301
20302
20305
20310
20312
20313
20314
20316
20317
20318
20320
20321
20323
20324
20326
20328
20329
20332
20333
20334
20335
20336
20340
20343
20344
20345
20347
20348
20350
20352
20353
20354
20355
20361
20364
20367
20369
20370
20372
20374
20375
20377
20378
20379
20380
20381
20382
20383
20389
20391
20392
20393
20394
20396
20398
20401
20403
20404
20406
20410
20412
20413
20414
20416
20417
20418
20421
20422
20424
20427
20428
20429
20430
20434
20435
20438
20440
20443
20444
20446
20447
20448
20449
20451
20454
20456
20457
20458
20465
20468
20470
20471
20472
20474
20477
20479
20480
20481
20483
20484
20485
20486
20487
20489
20490
20491
20494
20497
20498
20499
20501
20502
20503
20504
20505
20506
20508
20509
20515
20516
20521
20523
20528
20529
20530
20541
20543
20544
20545
20546
20547
20551
20556
20557
20558
20561
20562
20564
20565
20566
20567
20569
20581
20584
20585
20586
20587
20592
20608
20611
20612
20617
20619
20621
20622
20624
20625
20629
20630
20631
20632
20636
20639
20641
20643
20644
20646
20647
20648
20649
20650
20661
20662
20664
20665
20668
20670
20672
20673
20674
20676
20677
20680
20684
20686
20687
20689
20690
20694
20695
20696
20697
20699
20703
20706
20707
20708
20709
20710
20711
20712
20719
20720
20721
20722
20725
20727
20728
20729
20731
20734
20735
20737
20739
20740
20741
20742
20743
20744
20745
20746
20749
20754
20756
20757
20761
20762
20765
20766
20767
20770
20771
20774
20776
20777
20778
20779
20780
20781
20782
20783
20784
20785
20786
20787
20788
20789
20790
20791
20792
20797
20798
20801
20802
20803
20805
20806
20807
20809
20811
20812
20813
20815
20819
20820
20822
20823
20824
20826
20831
20832
20835
20836
20842
20843
20848
20858
20864
20871
20872
20873
20874
20877
20879
20880
20882
20884
20887
20888
20890
20895
20896
20897
20899
20901
20903
20904
20907
20911
20912
20916
20920
20923
20924
20925
20926
20929
20933
20937
20938
20943
20944
20947
20951
20954
20955
20956
20957
20958
20969
20970
20982
20983
20984
20985
20988
20989
20994
20995
20997
20998
21002
21003
21004
21010
21011
21012
21013
21014
21015
21016
21017
21018
21019
21021
21024
21025
21026
21034
21037
21039
21042
21043
21044
21045
21047
21048
21051
21066
21067
21087
21090
21091
21092
21093
21094
21095
21096
21097
21098
21099
21103
21104
21106
21108
21110
21117
21118
21124
21125
21128
21129
21130
21131
21133
21134
21135
21136
21138
21149
21150
21151
21152
21153
21154
21155
21156
21157
21158
21159
21160
21161
21162
21163
21164
21165
21166
21177
21178
21181
21190
21191
21192
21193
21194
21195
21198
21199
21200
21203
21206
21207
21208
21211
21219
21220
21221
21225
21227
21231
21232
21233
21234
21235
21236
21238
21239
21240
21241
21242
21243
21244
21245
21246
21247
21248
21249
21250
21251
21252
21253
21254
21255
21256
21257
21258
21259
21261
21262
21264
21265
21266
21269
21270
21271
21272
21274
21275
21276
21279
21280
21281
21282
21283
21285
21287
21288
21289
21292
21293
21296
21297
21303
21304
21305
21306
21307
21308
21313
21316
21318
21319
21320
21321
21322
21324
21325
21331
21332
21333
21334
21335
21337
21342
21343
21346
21347
21348
21350
21351
21352
21357
21360
21361
21365
21367
21368
21370
21375
21379
21380
21383
21384
21385
21386
21388
21389
21393
21394
21398
21401
21402
21404
21406
21408
21410
21411
21412
21414
21418
21419
21423
21426
21427
21428
21429
21431
21432
21437
21440
21441
21443
21448
21449
21450
21451
21452
21454
21455
21456
21459
21462
21463
21468
21470
21471
21472
21473
21474
21481
21482
21484
21486
21489
21492
21493
21494
21496
21501
21502
21503
21504
21507
21508
21509
21510
21514
21515
21519
21525
21526
21527
21530
21531
21532
21534
21535
21536
21538
21540
21541
21542
21543
21547
21548
21549
21550
21551
21553
21554
21555
21556
21560
21561
21563
21565
21567
21569
21574
54369
21691
21693
21695
21696
21697
21699
21703
21712
21713
21735
21736
21739
21743
21746
21747
21748
21750
21751
21752
21753
21756
21758
21759
21761
21762
21763
21764
21765
21766
21769
21770
21771
21772
21774
21775
21778
21786
21787
21788
21789
21793
21794
21799
21801
21802
21803
21805
21806
21811
21813
21815
21816
21817
21818
21820
21821
21822
21823
21825
21826
21828
21829
21835
21841
21842
21843
21845
21846
21848
21849
21852
21854
21855
21857
21858
21859
21863
21864
21866
21867
21868
21869
21872
21873
21874
21875
21876
21877
21878
21879
21880
21883
21888
21890
21891
21893
21894
21899
21900
21901
21903
21904
21905
21906
21911
21912
21913
21914
21920
21921
21924
21925
21926
21928
21930
21931
21933
21934
21936
21937
21940
21941
21944
21945
21947
21948
21949
21950
21951
21952
21956
21957
21958
21959
21965
21966
21967
21977
21984
21985
21986
21987
21988
21989
21990
21991
21992
21995
21996
22002
22003
22004
22005
22009
22011
22012
22013
22014
22020
22021
22022
22023
22024
22028
22029
22030
22031
22032
22034
22036
22039
22040
22041
22042
22044
22045
22049
22050
22051
22052
22053
22054
22059
22063
22065
22066
22079
22090
22093
22094
22097
22098
22102
22104
22105
22106
22107
22108
22109
22113
22114
22115
22116
22117
22118
22120
22121
22122
22123
22126
22127
22128
22130
22131
22132
22133
22136
22137
22140
22150
22151
22153
22154
22155
22158
22163
22167
22168
22169
22171
22173
22174
22175
22177
22182
22183
22184
22185
22186
22188
22189
22190
22194
22197
22201
22204
22205
22206
22210
22212
22213
22214
22215
22216
22218
22219
22220
22221
22225
22226
22232
22237
22238
22239
22240
22241
22242
22246
22247
22250
22251
22253
22254
22256
22257
22258
22260
22262
22263
22268
22285
22286
22287
22288
22289
22292
22293
22294
22295
22297
22298
22299
22300
22301
22302
22313
22314
22315
22316
22317
22318
22319
22320
22322
22323
22324
22326
22329
22331
22333
22338
22339
22340
22343
22345
22346
22347
22349
22360
22370
22371
22372
22374
22375
22377
22378
22379
22381
22383
22388
22390
22391
22392
22393
22394
22395
22396
22397
22398
22399
22400
22401
22402
22404
22406
22407
22408
22409
22410
22411
22412
22413
22415
22416
22417
22418
22419
22420
22421
22422
22423
22424
22425
22426
22429
22430
22431
22432
22433
22434
22435
22436
22437
22438
22439
22440
22441
22442
22443
22444
22446
22447
22448
22449
22452
22456
22459
22460
22461
153535
22464
22466
22467
22468
22469
22470
22472
22473
22474
22475
22477
22478
22479
22482
22483
22484
22485
22486
22487
22489
22491
22493
22496
22505
22506
22508
22509
22513
22514
22515
22516
22519
22523
22524
22525
22526
22527
22530
22531
22533
22534
22535
22536
22539
22540
22543
22550
22554
22555
22556
22557
22561
22565
22566
22569
22570
22571
22572
22576
22579
22580
22582
22584
22585
22586
22587
22591
22593
22594
22597
22599
22601
22603
22604
22605
22607
22608
22610
22611
22612
22613
22614
22619
22621
22622
22626
22627
22628
22631
22632
22633
22634
22635
22636
22637
22638
22641
22642
22643
22644
22645
22646
22647
22648
22650
22654
22655
22656
22657
22658
22659
22660
22661
22664
22665
22667
22668
22671
22672
22673
22674
22676
22679
22691
22692
22695
22698
22699
22700
22701
22702
22705
22706
22708
22709
22710
22711
22713
22714
22715
22718
22722
22723
22724
22726
22727
22728
22729
22733
22735
22736
22737
22738
22739
22741
22742
22743
22748
22754
22756
22758
22759
22764
22766
22767
22768
22769
22772
22773
22776
22777
22779
22780
22782
22783
22787
22788
22789
22791
22792
22795
22796
22798
22799
22802
22803
22804
22806
22807
22809
22810
22812
22813
22815
22816
22817
22818
22821
22825
22826
22827
22830
22831
22832
22833
22836
22839
22841
22842
22848
22850
22852
22853
22854
22855
22856
22858
22863
22864
22865
22866
22867
22868
22869
22876
22879
22882
22883
22884
22886
22888
22889
22890
22892
22893
22895
22896
22897
22898
22899
22904
22908
22909
22910
22912
22915
22916
22917
22921
22925
22926
22927
22928
22929
22930
22932
22933
22934
22936
22937
22938
22939
22940
22941
22942
22944
22945
22948
22949
22952
22954
22957
22959
22965
22967
22968
22969
22971
22974
22975
22976
22978
22979
22980
22982
22983
22985
22986
22987
22988
22989
22992
22995
22998
22999
23006
23008
23015
23016
23017
23018
23019
23020
23021
23022
23023
23024
23025
23026
23027
23028
23030
23031
23033
23034
23035
23036
23037
23041
23043
23044
23045
23047
23048
23052
23057
23058
23059
23062
23064
23065
23067
23070
23073
23074
23079
23080
23081
23084
23093
23094
23095
23096
23097
23099
23101
23102
23103
23104
23107
23108
23109
23110
23112
23113
23119
23120
23121
23122
23123
23128
23129
23130
23133
23134
23136
23137
23138
23139
23142
23147
23152
23153
23154
23155
23157
23159
23162
23163
23165
23166
23167
23168
23169
23170
23175
23178
23181
23183
23186
23187
23188
23189
23191
23196
23198
23199
23201
23203
23204
23206
23208
23209
23210
23212
23213
23214
23221
23224
23230
23234
23235
23237
23239
23240
23242
23243
23244
23246
23247
23249
23252
23254
23255
23256
23257
23258
23259
23260
23271
23272
23273
23274
23275
23276
23278
23279
23281
23284
23285
23287
23289
23292
23298
23299
23301
23302
23303
23304
23309
23312
23313
23314
23319
23323
23329
23336
23338
23339
23341
23343
23344
23345
23347
23351
23355
23357
23359
23364
23365
23366
23367
23368
23370
23371
23372
23373
23375
23376
23377
23379
23381
23383
23386
23388
23391
23392
23393
23405
23406
23407
23408
23409
23410
23411
23412
23413
23417
23418
23419
23420
23421
23423
23424
23427
23428
23429
23430
23431
23436
23437
23438
23440
23441
23442
23443
23444
23446
23447
23454
23455
23457
23458
23464
23465
23466
23467
23468
23479
23480
23481
23483
23484
23485
23486
23487
23492
23493
23496
23497
23498
23499
23501
23502
23503
23504
23506
23507
23532
23533
23537
23538
23539
23540
23541
23545
23546
23548
23549
23555
23558
23559
23560
23561
23563
23566
23567
23568
23569
23571
23572
23573
23576
23578
23580
23581
23582
23585
23586
23587
23588
23590
23593
23598
23600
23602
23603
23604
23609
23611
23612
23613
23614
23617
23618
23619
23621
23623
23626
23627
23628
23630
23631
23636
23637
23642
23644
23645
23646
23648
23649
23650
23651
23652
23654
23655
23657
23660
23661
23662
23664
23667
23668
23669
23672
23673
23675
23676
23679
23680
23681
23687
23688
23689
23690
23693
23694
23695
23698
23699
23700
23701
23702
23703
23705
23707
23708
23709
23712
23713
23716
23717
23718
23724
23727
23731
23733
23734
23736
23737
23738
23742
23743
23744
23745
23746
23749
23750
23751
23754
23755
23760
23762
23763
23765
23766
23768
23769
23770
23771
23772
23773
23775
23776
23780
23781
23782
23783
23784
23788
23791
23792
23795
23798
23799
23802
23803
23804
23805
23806
23807
23808
23811
23814
23816
23817
23821
23822
23824
23825
23827
23831
23833
23835
23836
23838
23840
23841
23844
23845
23851
23852
23854
23856
23861
23863
23864
23866
23869
23870
23871
23873
23874
23875
23876
23877
23878
23879
23880
23881
23882
23883
23884
23885
23889
23892
23893
23894
23895
23897
23898
23899
23900
23901
23902
23903
23907
23911
23912
23920
23921
23924
23925
23926
23930
23935
23936
23937
23938
23939
23943
23944
23945
23946
23947
23948
23950
23951
23952
23953
23954
23963
23965
23966
23974
23976
23979
23980
23981
23982
23983
23984
23986
23987
23988
23989
23991
23992
23993
23994
23996
23999
24001
24002
24003
24004
24005
24009
24012
24017
24020
24021
24022
24023
24025
24027
24030
24034
24035
24036
24037
24038
24042
24043
24044
24045
24046
24047
24048
24049
24054
24055
24059
24060
24061
24062
24064
24067
24068
24069
24070
24071
24072
24073
24075
24081
24082
24083
24084
24085
24086
24087
24088
24089
24090
24098
24099
24100
24101
24102
24103
24104
24105
24108
24109
24110
24111
24112
24113
24116
24123
24124
24126
24127
24129
24130
24133
24136
24140
24141
24143
24144
24145
24146
24148
24149
24150
24151
24154
24155
24157
24158
24159
24160
24161
24164
24166
24167
24168
24171
24172
24173
24175
24176
24177
24179
24180
24181
24182
24185
24187
24188
24190
24191
24192
24193
24194
24198
24199
24203
24205
24210
24211
24212
24215
24219
24220
24221
24222
24223
24224
24225
24227
24230
24232
24233
24234
24235
24237
24238
24239
24240
24241
24243
24244
24247
24251
24252
24265
24268
24270
24272
24273
24275
24277
24278
24281
24283
24284
24286
24288
24289
24300
24303
24304
24305
24306
24307
24311
24312
24314
24315
24317
24321
24324
24325
24329
24330
24331
24332
24333
24334
24335
24336
24337
24338
24339
24340
24341
24342
24343
24344
24345
24346
24348
24349
24350
24351
24352
24353
24354
24355
24356
24357
24358
24360
24361
24362
24363
24364
24365
24366
24367
24368
24371
24375
24376
24378
24380
24381
24382
24384
24385
24386
24387
24389
24393
24394
24395
24397
24398
24400
24401
24402
24404
24405
24406
24409
24410
24413
24414
24415
24416
24417
24418
24419
24420
24421
24422
24424
24425
24426
24427
24428
24429
24430
24431
24432
24433
24434
24435
24436
24437
24439
24441
24443
24447
24448
24449
24450
24453
24454
24455
24456
24462
24463
24464
24469
24470
24471
24474
24475
24476
24479
24480
24485
24487
24488
24492
24493
24495
24497
24498
24500
24502
24503
24504
24506
24507
24508
24511
24512
24514
24515
24516
24520
24523
24524
24525
24526
24527
24528
24529
24530
24531
24534
24535
24536
24537
24538
24539
24542
24543
24544
24546
24549
24550
24551
24552
24553
24554
24556
24558
24562
24566
24567
24568
24571
24572
24573
24574
24576
24579
24581
24587
24588
24589
24591
24593
24594
24598
24601
24604
24605
24606
24609
24610
24612
24613
24614
24618
24619
24621
24625
24626
24627
24628
24629
24630
24634
24635
24636
24637
24642
24644
24645
24646
24647
24648
24651
24652
24653
24657
24659
24660
24661
24663
24665
24666
24668
24669
24670
24672
24673
24676
24678
24679
24680
24681
24687
24692
24693
24695
24696
24698
24704
24705
24707
24708
24710
24712
24714
24718
24725
24726
24727
24728
24733
24736
24737
24741
24745
24746
24747
24748
24749
24750
24752
24758
24761
24765
24766
24767
24768
24769
24771
24772
24773
24775
24787
24791
24793
24800
24803
24804
24806
24807
24809
24811
24812
24813
24818
24819
24820
24821
24822
24823
24826
24827
24829
24830
24831
24832
24834
24842
24844
24846
24849
24850
24851
24852
24853
24854
24855
24856
24858
24865
24867
24871
24877
24878
24880
24881
24882
24884
24886
24887
24888
24890
24893
24894
24895
24897
24898
24899
24900
24902
24904
24905
24907
24908
24910
24911
24913
24914
24916
24917
24918
24923
24925
24926
24927
24928
24930
24932
24940
24941
24942
24949
24951
24955
24956
24957
24958
24962
24963
24964
24966
24967
24968
24973
24974
24975
24976
24980
24981
24983
24984
24985
24986
24989
24991
24994
24995
25001
25002
25005
25006
25007
25008
25009
25010
25013
25016
25017
25018
25019
25025
25032
25036
25038
25039
25041
25042
25045
25046
25047
25048
25050
25052
25056
25057
25058
25059
25060
25064
25065
25069
25074
25080
25081
25082
25083
25084
25085
25086
25087
25089
25091
25093
25095
25097
25099
25100
25101
25103
25106
25112
25116
25124
25126
25127
25128
25130
25131
25135
25136
25137
25138
25142
25151
25152
25154
25157
25158
25159
25160
25161
25162
25164
25165
25166
25174
25175
25179
25180
25183
25184
25190
25191
25194
25195
25196
25198
25201
25202
25207
25211
25213
25214
25219
25224
25225
25226
25227
25229
25230
25231
25233
25234
25235
25236
25237
25238
25239
25247
25249
25251
25253
25254
25255
25256
25257
25258
25261
25262
25266
25267
25269
25270
25271
25274
25275
25276
25279
25283
25284
25285
25286
25288
25289
25290
25296
25297
25299
25300
25301
25303
25304
25305
25308
25309
25310
25315
25318
25320
25321
25328
25331
25339
25340
25342
25343
25345
25346
25347
25349
25350
25352
25355
25356
25358
25363
25364
25365
25366
25368
25369
25372
25377
25378
25382
25384
25396
25397
25401
25403
25404
25405
25407
25408
25409
25410
25411
25412
25414
25415
25416
25421
25422
25423
25424
25425
25426
25427
25428
25430
25431
25432
25436
25437
25439
25447
25448
25449
25452
25453
25454
25455
25456
25457
25458
25459
25460
25463
25464
25465
25466
25467
25468
25469
25470
25471
25472
25473
25474
25478
25481
25486
25487
25488
25491
25495
25500
25501
25502
25505
25506
25507
25508
25509
25510
25514
25516
25519
25522
25523
25525
25526
25527
25529
25531
25534
25535
25536
25537
25539
25541
25545
25551
25555
25557
25558
25561
25566
25568
25570
25572
25574
25575
25576
25577
25578
25579
25580
25581
25582
25583
25584
25586
25587
25588
25592
25593
25594
25595
25598
25605
25606
25607
25608
25609
25610
25611
25614
25615
25620
25622
25623
25624
25638
25639
25640
25641
25642
25647
25648
25649
25650
25653
25654
25656
25658
25659
25660
25661
25663
25664
25666
25667
25668
25669
25672
25674
25676
25683
25685
25686
25689
25690
25692
25693
25694
25695
25697
25698
25700
25702
25704
25705
25706
25707
25708
25709
25710
25711
25712
25713
25715
25718
25721
25722
25723
25727
25731
25735
25739
25740
25741
25743
25744
25745
25746
25747
25748
25751
25755
25756
25757
25759
25761
25762
25764
25767
25769
25770
25771
25774
25776
25777
25778
25779
25782
25783
25788
25791
25792
25794
25799
25805
25816
25817
25818
25821
25823
25824
25825
25828
25829
25833
25835
25836
25838
25841
25842
25843
25844
25845
25850
25851
25852
25855
25857
25858
25860
25861
25863
25864
25865
25866
25867
25872
25875
25877
25878
25879
25880
25881
25882
25884
25887
25888
25889
25890
25895
25896
25897
25901
25902
25903
25904
25905
25906
25907
25909
25917
25918
25919
25921
25922
25924
25925
25927
25928
25929
25930
25932
25937
25949
25951
25953
25954
25964
25965
25967
25968
25970
25971
25975
25977
25981
25983
25984
25985
25987
25988
25992
25996
25997
25998
26002
26003
26004
26005
26010
26011
26012
26013
26014
26015
26016
26017
26018
26020
26022
26024
26027
26029
26030
26031
26032
26033
26034
26037
26038
26039
26041
26043
26044
26047
26048
26050
26055
26058
26059
26060
26064
26065
26069
26070
26071
26072
26075
26078
26079
26080
26082
26085
26086
26093
26095
26100
26102
26103
26105
26107
26109
26110
26111
26112
26113
26115
26116
26118
26119
26121
26123
26126
26128
26129
26130
26131
26133
26135
26136
26142
26143
26144
26148
26150
26151
26153
26154
26157
26158
26159
26160
26161
26162
26163
26164
26165
26166
26167
26168
26169
26173
26175
26177
26178
26179
26181
26182
26183
26184
26185
26187
26188
26193
26194
26195
26196
26197
26200
26201
26202
26206
26208
26210
26211
26212
26213
26214
26215
26218
26219
26222
26223
26224
26229
26230
26231
26232
26234
26235
26236
26237
26241
26243
26247
26252
26254
26256
26258
26268
26273
26275
26276
26278
26280
26281
26283
26284
26287
26289
26290
26293
26295
26296
26297
26299
26300
26301
26302
26303
26304
26305
26307
26309
26312
26313
26315
26316
26320
26321
26322
26329
26330
26331
26332
26334
26336
26337
26339
26341
26342
26343
26348
26349
26352
26353
26354
26355
26356
26359
26361
26363
26364
26365
26366
26369
26370
26388
26390
26392
26396
26397
26398
26401
26403
26405
26406
26407
26409
26410
26413
26414
26418
26425
26426
26427
26430
26431
26432
26433
26434
26435
26436
26441
26442
26443
26444
26446
26447
26448
26449
26452
26453
26454
26455
26458
26459
26460
26462
26465
26466
26468
26469
26474
26476
26477
26480
26484
26485
26486
26487
26488
26489
26490
26491
26492
26493
26498
26499
26500
26501
26502
26504
26505
26509
26511
26512
26513
26515
26516
26517
26519
26522
26524
26526
26527
26529
26531
26537
26538
26540
26542
26545
26548
26550
26551
26552
26553
26556
26557
26558
26559
26560
26564
26568
26569
26571
26572
26573
26575
26576
26577
26578
26579
26584
26586
26588
26591
26592
26594
26595
26597
26598
26600
26605
26606
26607
26610
26613
26614
26615
26617
26621
26624
26627
26630
26632
26634
26637
26639
26640
26641
26648
26654
26657
26659
26660
26661
26663
26666
26669
26670
26671
26672
26677
26679
26680
26684
26685
26686
26691
26692
26695
26696
26700
26701
26702
26703
26706
26708
26711
26713
26715
26716
26717
26719
26720
26722
26723
26724
26730
26731
26769
26772
26774
26775
26776
26777
26778
26780
26781
26784
26785
26786
26787
26788
26792
26794
26801
26802
26803
26804
26805
26806
26807
26808
26809
26810
26811
26812
26820
26821
26822
26823
26824
26825
26826
26827
26828
26829
26830
26831
26832
26833
26834
26835
26836
26837
26838
26839
26840
26842
26846
26847
26851
26852
26853
26854
26860
26862
26863
26866
26867
26868
26869
26870
26871
26874
26876
26877
26878
26879
26880
26881
26882
26884
26885
26886
26888
26890
26891
26892
26893
26894
26898
26899
26900
26901
26902
26903
26905
26907
26910
26911
26914
26915
26917
26920
26926
26927
26928
26929
26931
26933
26934
26937
26940
26941
26942
26946
26947
26948
26952
26958
26959
26960
26961
26962
26963
26966
26967
26968
26970
26971
26974
26975
26976
26978
26980
26981
26990
26991
26992
26993
26995
26996
26998
27000
27002
27004
27005
27006
27007
27008
27009
27010
27016
27017
27018
27019
27020
27021
27022
27024
27025
27027
27029
27030
27031
27035
27039
27040
27041
27042
27043
27044
27045
27047
27048
27049
27054
27058
27059
27060
27076
27077
27080
27081
27082
27083
27085
27086
27089
27092
27093
27094
27095
27096
27097
27098
27099
27100
27101
27102
27104
27105
27106
27107
27108
27120
27121
27125
27126
27127
27128
27131
27132
27133
27136
27137
27139
27141
27142
27143
27145
27148
27151
27153
27156
27157
27160
27166
27168
27170
27171
27172
27173
27174
27176
27177
27178
27180
27182
27183
27185
27190
27192
27193
27199
27200
27203
27204
27205
27206
27207
27209
27213
27214
27216
27217
27219
27220
27223
27224
27225
27226
27227
27228
27229
27230
27231
27232
27235
27236
27237
27241
27242
27243
27245
27246
27247
27250
27251
27252
27253
27254
27255
27259
27260
27261
27262
27263
27264
27265
27266
27267
27268
27271
27272
27275
27277
27278
27279
27280
27282
27284
27286
27287
27289
27290
27291
27292
27293
27294
27295
27297
27298
27299
27301
27302
27303
27305
27306
27308
27309
27310
27311
27312
27313
27317
27318
27319
27320
27321
27328
27333
27334
27337
27340
27341
27342
27343
27344
27345
27346
27350
27351
27352
27353
27356
27358
27360
27361
27363
27364
27365
27366
27368
27369
27371
27372
27378
27379
27383
27384
27385
27386
27387
27389
27390
27391
27392
27396
27398
27399
27402
27403
27408
27409
27410
27411
27412
27413
27415
27416
27418
27421
27423
27424
27426
27427
27428
27430
27431
27439
27440
27441
27443
27444
27445
27446
27447
27449
27450
27452
27454
27455
27456
27457
27458
27459
27460
27461
27467
27468
27476
27477
27479
27480
27481
27482
27484
27486
27491
27493
27494
27495
27497
27498
27499
27502
27503
27508
27509
27510
27511
27514
27516
27517
27521
27522
27523
27524
27525
27529
27532
27541
27543
27545
27546
27547
27549
27550
27554
27557
27558
27559
27560
27561
27562
27564
27568
27570
27571
27574
27575
27579
27580
27581
27582
27583
27584
27585
27589
27590
27596
27600
27601
27603
27605
27606
27614
27617
27619
27622
27623
27624
27625
27626
27627
27628
27629
27630
27631
27632
27634
27635
27637
27639
27643
27644
27645
27646
27647
27648
27650
27652
27653
27654
27663
27665
27666
27667
27669
27670
27674
27675
27677
27678
27683
27686
27687
27688
27689
27691
27692
27693
27694
27695
27696
27701
27702
27703
27704
27706
27707
27708
27709
27710
27711
27713
27714
27716
27720
27721
27722
27723
27725
27729
27736
27737
27739
27744
27746
27750
27755
27756
27757
27758
27759
27763
27765
27770
27771
27776
27777
27778
27779
27780
27781
27782
27783
27784
27786
27787
27789
27790
27793
27794
27797
27798
27799
27800
27801
27803
27804
27805
27806
27807
27808
27809
27811
27815
27816
27819
27820
27821
27822
27824
27825
27826
27827
27828
27829
27830
27831
27832
27834
27835
27838
27840
27841
27842
27843
27844
27846
27847
27848
27851
27853
27855
27857
27859
27860
27861
27862
27865
27869
27870
27873
27874
27875
27880
27886
27887
27888
27892
27894
27896
27897
27899
27900
27902
27903
27904
27905
27906
27907
27909
27910
27911
27912
27913
27914
27918
27919
27920
27922
27926
27928
27929
27932
27933
27938
27940
27942
27943
27944
27945
27947
27952
27954
27955
27958
27961
27963
27964
27965
27966
27969
27970
27973
27974
27975
27976
27977
27980
27981
27982
27986
27989
27995
27996
27998
28000
28010
28011
28012
28014
28017
28018
28021
28023
28025
28026
28027
28028
28029
28030
28031
28033
28034
28036
28038
28039
28043
28049
28051
28053
28057
28058
28059
28060
28064
28065
28066
28068
28069
28070
28071
28072
28073
28075
28079
28080
28083
28099
28101
28102
28103
28107
28113
28114
28115
28116
28118
28121
28123
28124
28125
28126
28127
28128
28129
28130
28131
28133
28135
28136
28137
28146
28147
28148
28149
28150
28152
28153
28155
28156
28161
28166
28167
28168
28169
28173
28175
28179
28180
28183
28185
28187
28190
28191
28192
28195
28196
28197
28200
28201
28202
28205
28206
28207
28208
28209
28212
28217
28218
28219
28220
28223
28224
28225
28226
28227
28228
28229
28230
28231
28232
28233
28234
28235
28236
28237
28244
28245
28247
28248
28256
28258
28263
28264
28268
28275
28276
28281
28282
28283
28284
28285
28286
28287
28288
28289
28292
28293
28294
28296
28298
28300
28301
28306
28307
28309
28310
28311
28312
28313
28315
28318
28319
28325
28326
28328
28330
28331
28335
28337
28340
28341
28345
28346
28350
28351
28352
28353
28355
28356
28357
28358
28360
28361
28363
28365
28368
28369
28370
28371
28372
28377
28378
28388
28394
28399
28402
28403
28404
28405
28406
28407
28408
28416
28417
28419
28422
28423
28426
28427
28429
28430
28431
28432
28434
28435
28436
28437
28438
28440
28441
28444
28445
28447
28448
28449
28450
28454
28455
28456
28465
28466
28467
28468
28469
28470
28471
28472
28473
28474
28476
28478
28479
28485
28486
28487
28488
28489
28491
28501
28502
28503
28508
28512
28513
28514
28515
28516
28522
28524
28531
28532
28535
28536
28537
28538
28541
28542
28543
28544
28545
28546
28549
28550
28551
28554
28555
28556
28558
28561
28564
28566
28568
28569
28572
28574
28575
28580
28582
28587
28589
28591
28592
28593
28595
28596
28597
28598
28599
28600
28601
28604
28605
28606
28610
28611
28612
28617
28618
28624
28628
28630
28631
28634
28635
28636
28637
28642
28646
28649
28650
28651
28652
28655
28656
28659
28660
28662
28663
28664
28665
28666
28667
28668
28669
28670
28671
28672
28676
28678
28680
28689
28690
28696
28698
28699
28702
28708
28709
28711
28715
28716
28717
28719
28720
28721
28722
28725
28726
28728
28731
28733
28734
28735
28739
28740
28741
28742
28743
28745
28748
28749
28751
28753
28754
28755
28756
28758
28759
28760
28761
28762
28771
28781
28782
28783
28784
28785
28787
28791
28794
28795
28798
28801
28805
28807
28808
28810
28812
28813
28815
28816
28817
28818
28819
28820
28828
28829
28830
28831
28833
28834
28835
28836
28838
28843
28844
28845
28847
28852
28853
28854
28856
28857
28858
28859
28860
28863
28866
28868
28871
28885
28887
28933
28977
28978
28979
28980
28981
28982
28983
28984
28985
28986
28987
28988
28989
28990
28992
28993
28994
28995
28996
28997
28998
28999
29000
29001
29002
29003
29004
29014
29098
29101
29327
29328
29329
29330
29331
29332
29334
29335
29336
29337
29420
29421
29422
29424
29472
29473
29475
29494
29495
29496
29497
29498
29499
29501
29502
29503
29505
29506
29507
29508
29509
29510
29511
29512
29513
29514
